1 52 14 6 6
1 36 56 8 8
0 56 81 9 10
1 52 103 11 11
1 71 105 7 11
1 7 134 10 11
1 29 129 10 9
1 53 132 12 11
0 45 159 11 11
1 30 196 11 9
0 64 176 9 11
1 145 5 7 7
1 141 16 9 9
1 127 26 6 7
1 121 34 6 8
1 107 42 8 8
1 98 67 7 6
0 85 70 7 6
1 89 79 7 7
0 107 81 8 8
1 106 112 8 9
0 114 126 7 8
2 116 157 11 12
1 105 171 12 12
1 130 217 13 14
1 98 264 15 15
1 182 5 4 5
1 168 16 6 7
1 157 20 7 6
0 161 33 5 7
1 173 30 8 9
1 130 58 7 7
1 159 58 7 8
0 139 67 8 9
0 120 76 7 8
1 147 82 9 9
1 137 103 9 7
1 182 91 8 9
1 169 104 10 8
1 143 129 8 10
1 173 121 9 10
1 151 174 10 12
1 153 195 10 12
1 164 198 11 13
1 165 261 15 15
1 185 221 7 10
1 188 164 11 11
1 182 153 11 8
1 191 20 5 6
1 218 10 5 6
1 204 22 5 3
1 216 30 7 7
1 230 18 6 7
1 199 40 7 8
1 214 56 4 5
1 203 67 9 7
1 225 84 8 8
1 195 102 8 10
1 223 98 8 8
1 215 105 9 11
1 199 127 8 9
1 252 3 6 5
1 257 25 6 7
1 267 20 5 6
1 278 25 4 6
1 282 26 6 7
0 271 39 5 6
1 295 31 6 8
0 296 40 6 7
1 284 57 7 7
0 258 48 7 6
2 250 53 8 8
1 255 83 8 7
1 242 110 9 9
1 269 108 8 8
1 239 146 11 9
1 242 212 13 13
1 220 243 14 14
1 259 231 13 13
1 307 4 7 6
1 329 22 6 8
0 336 26 5 6
1 329 40 5 7
1 331 48 7 7
1 311 67 8 9
1 328 86 7 8
1 279 119 9 10
1 293 112 9 9
1 288 129 10 9
1 291 150 9 11
1 280 155 11 12
1 304 255 14 15
1 362 272 16 11
1 387 274 15 8
1 364 225 13 12
1 377 219 11 14
1 378 169 11 12
1 378 149 11 11
1 399 137 4 10
1 360 133 8 5
1 366 122 9 10
1 353 105 9 10
1 371 90 8 10
1 349 90 9 9
1 341 79 7 9
1 364 77 5 6
1 343 63 8 8
1 349 47 6 7
1 385 51 5 7
1 394 30 6 7
1 359 21 6 6
1 348 12 5 7
1 373 15 6 5
0 384 9 4 6
0 398 20 5 5