0 53 223 18 16
0 12 166 16 16
0 60 168 15 16
0 18 141 14 14
0 66 131 17 16
0 23 107 15 15
0 66 108 14 10
0 81 95 13 12
0 26 71 13 13
0 39 59 11 9
0 85 64 14 14
0 48 29 12 12
0 84 33 14 14
0 91 16 13 11
0 158 31 7 10
1 189 27 8 11
1 207 24 9 10
0 182 35 12 11
0 183 49 11 11
1 175 74 11 10
0 190 86 8 11
0 181 99 9 12
0 183 120 12 13
0 173 143 15 14
0 187 161 13 11
0 191 206 14 10
0 197 228 17 17
0 185 224 6 11
1 209 109 13 12
0 222 119 14 15
0 225 96 14 13
0 214 95 10 12
0 210 51 7 9
0 219 57 12 12
0 233 27 10 11
0 236 62 12 12
0 255 59 10 9
0 255 86 13 12
0 247 129 12 10
0 225 165 11 14
0 240 177 14 14
0 257 176 13 14
0 260 135 14 14
0 256 231 12 14
0 247 38 11 10
0 263 31 7 10
0 259 18 9 8
0 286 24 9 9
0 276 32 10 7
0 288 43 12 9
0 283 68 14 10
0 292 62 5 11
0 280 92 13 10
0 292 103 13 13
0 302 105 7 11
0 297 130 13 13
0 294 164 15 11
0 308 197 14 13
0 314 215 9 8
0 321 237 14 13
0 304 25 7 7