1 30 19 10 12
1 60 15 10 10
1 125 23 10 15
1 172 9 11 12
1 27 55 13 14
1 59 46 13 12
1 113 44 12 14
1 122 62 12 12
1 97 83 13 12
1 32 79 15 14
1 15 97 14 15
1 43 111 14 12
1 42 130 12 16
1 66 138 13 15
1 70 160 18 17
1 51 214 18 16
1 61 247 18 19
1 102 233 18 15
1 132 135 16 14
1 140 96 12 13
1 152 219 18 19
1 177 151 15 18
1 201 27 11 9
1 211 43 12 12
1 236 31 11 12
1 226 55 12 12
1 264 52 13 12
1 254 68 14 16
1 240 108 14 15
1 221 132 14 17
1 287 212 17 19
1 309 101 14 17
1 320 147 15 16
1 316 13 12 10
1 326 8 9 12
0 371 17 10 13
1 336 32 13 10
1 383 94 15 11
1 360 132 14 15
1 369 184 13 16
1 382 198 20 14