0 60 190 47 48
0 26 133 41 32
1 18 88 33 22
1 57 84 36 38
1 84 78 16 19
0 110 93 37 39
1 138 153 45 43
1 178 146 34 33
1 235 144 53 51
1 199 100 17 33
0 144 82 26 30
2 182 71 28 28
0 233 64 25 26
0 85 42 22 22
1 70 46 14 19
1 49 31 17 17
1 12 47 23 27
2 30 45 14 17
1 78 10 11 11
1 98 27 9 11
1 106 43 18 19
1 165 72 16 23
1 152 49 15 14
1 134 37 15 13
1 151 35 17 13
1 134 13 10 12
1 117 14 5 9
1 158 18 9 11
1 165 26 12 11
0 192 28 15 17
1 205 47 17 21
1 202 63 17 19
1 207 12 5 12
1 232 14 8 10
1 255 10 11 12
2 263 38 18 17
0 251 61 10 21
1 272 85 25 23
1 275 41 11 16
0 280 14 8 10
1 273 118 11 17
1 300 130 32 39
1 327 175 49 56
1 340 64 24 26
0 383 72 10 23
1 359 59 14 23
1 296 81 21 17
1 319 48 19 19
1 313 26 18 20
2 332 20 12 19
1 366 29 8 13