0 55 100 26 24
0 57 68 23 19
1 87 64 20 16
0 110 78 19 18
1 123 60 18 19
0 94 45 21 22
1 52 141 20 33
0 78 154 30 33
0 106 179 30 35
1 148 197 39 42
1 149 116 26 29
1 148 79 25 20
0 147 40 15 15
1 185 43 17 22
1 178 55 12 19
1 204 42 17 19
0 229 31 16 18
0 248 47 25 25
1 186 102 22 24
1 183 141 26 23
1 225 115 25 29
0 193 181 17 24
0 173 189 17 35
1 247 204 36 37
1 258 127 28 28
1 281 178 21 34
1 272 92 20 21
1 303 119 23 25
0 272 28 20 20
0 271 55 16 14
0 291 34 18 17
1 328 27 14 18
0 305 58 18 18
1 336 115 28 18
0 357 168 32 28