1 36 249 25 26
1 88 249 23 26
1 133 257 22 25
1 202 271 27 26
1 318 231 25 22
1 382 251 22 15
1 266 198 23 23
1 340 153 19 18
1 392 171 13 19
1 288 152 15 16
1 218 204 22 21
1 164 194 22 21
1 91 177 12 23
1 76 173 22 24
1 49 172 20 22
1 6 164 10 22
1 9 118 16 13
1 53 118 18 18
1 106 129 16 17
1 138 127 18 18
1 188 145 21 18
1 229 149 20 18
1 386 107 17 18
1 326 96 11 18
1 290 92 16 19
1 261 92 18 14
1 216 76 16 18
1 194 78 14 18
1 150 65 14 18
1 117 70 13 16
1 72 62 13 16
1 35 61 16 19
1 8 58 15 17
1 8 30 12 14
1 47 32 9 14
1 83 43 13 16
1 134 44 12 17
1 194 36 11 17
1 230 46 14 18
1 279 55 14 18
1 316 48 16 19
1 361 58 14 17
1 395 64 10 18
1 327 19 12 14
1 297 21 14 15
1 257 19 13 17
1 240 7 10 12
1 206 18 13 14
1 179 19 13 12
1 152 15 13 14
1 117 10 15 14
1 71 16 10 11
1 45 8 10 14