1 0.065 0.7014652014652014 0.12 0.304029304029304
0 0.4225 0.06227106227106227 0.04 0.06593406593406594
1 0.32 0.056776556776556776 0.06 0.0695970695970696
1 0.0525 0.020146520146520148 0.055 0.040293040293040296
1 0.25625 0.17216117216117216 0.0525 0.08058608058608059
1 0.34500000000000003 0.18315018315018314 0.07 0.10256410256410256
0 0.5875 0.20695970695970695 0.04 0.0695970695970696
0 0.55 0.2619047619047619 0.06 0.08424908424908426
1 0.68625 0.14285714285714285 0.0575 0.09523809523809523
1 0.8250000000000001 0.19413919413919414 0.045 0.08058608058608059
1 0.77625 0.47802197802197804 0.0825 0.10622710622710622
1 0.93125 0.3534798534798535 0.0625 0.08424908424908426
1 0.495 0.4157509157509158 0.07 0.11355311355311355