1 0.08375 0.5243445692883896 0.0725 0.12734082397003746
1 0.13125 0.9063670411985019 0.0975 0.1797752808988764
1 0.25 0.6348314606741573 0.065 0.12359550561797752
1 0.28625 0.4044943820224719 0.0425 0.0749063670411985
1 0.34875 0.350187265917603 0.0375 0.07865168539325842
1 0.5 0.45880149812734083 0.045 0.08614232209737828
1 0.555 0.34269662921348315 0.04 0.07865168539325842
1 0.67625 0.43258426966292135 0.0375 0.06367041198501873
1 0.77 0.4850187265917603 0.035 0.07865168539325842
1 0.8675 0.5842696629213483 0.04 0.11235955056179775
1 0.59875 0.3071161048689139 0.0425 0.08239700374531836