1 0.085 0.4688888888888889 0.045 0.1288888888888889
1 0.28250000000000003 0.43777777777777777 0.04 0.10222222222222223
1 0.3325 0.49777777777777776 0.06 0.09777777777777778
1 0.39625 0.36666666666666664 0.0425 0.09333333333333334
0 0.445 0.38666666666666666 0.055 0.10666666666666666
1 0.50625 0.5 0.0775 0.15555555555555556
0 0.5 0.3 0.045 0.08444444444444445
0 0.58 0.2822222222222222 0.05 0.10222222222222223
0 0.70125 0.34 0.0475 0.09333333333333334
1 0.67125 0.4577777777777778 0.0475 0.09777777777777778
1 0.7425 0.43777777777777777 0.05 0.12
1 0.89 0.35555555555555557 0.045 0.08888888888888889
2 0.7887500000000001 0.4822222222222222 0.0675 0.12
0 0.95625 0.3888888888888889 0.0625 0.10222222222222223
0 0.1825 0.35777777777777775 0.03 0.057777777777777775
0 0.8150000000000001 0.3377777777777778 0.03 0.06222222222222222
1 0.92875 0.32 0.0275 0.05333333333333333