1 0.09625 0.23555555555555555 0.0525 0.06222222222222222
1 0.26 0.20222222222222222 0.045 0.06666666666666667
1 0.155 0.2866666666666667 0.02 0.04
1 0.33625 0.24666666666666667 0.0275 0.04888888888888889
1 0.42375 0.23555555555555555 0.0375 0.08
1 0.53 0.25555555555555554 0.04 0.08444444444444445
1 0.71125 0.26 0.0275 0.08444444444444445
1 0.8612500000000001 0.24222222222222223 0.0375 0.07555555555555556
1 0.5825 0.33555555555555555 0.01 0.022222222222222223
1 0.9875 0.35777777777777775 0.01 0.022222222222222223
1 0.975 0.36444444444444446 0.015 0.026666666666666665