1 0.1075 0.5849514563106796 0.08 0.17961165048543687
1 0.0675 0.2669902912621359 0.065 0.14563106796116504
1 0.13625 0.11893203883495145 0.0575 0.15048543689320387
1 0.225 0.5121359223300971 0.065 0.1699029126213592
1 0.165 0.4077669902912621 0.055 0.13592233009708737
1 0.3325 0.5946601941747572 0.06 0.19902912621359223
1 0.2725 0.9344660194174756 0.095 0.12135922330097086
1 0.4275 0.8980582524271844 0.11 0.19417475728155337
1 0.42 0.35922330097087374 0.07 0.17475728155339804
1 0.34125 0.24271844660194172 0.0625 0.14563106796116504
1 0.545 0.37864077669902907 0.06 0.14563106796116504
1 0.57875 0.7839805825242718 0.0825 0.16019417475728154
1 0.62875 0.5849514563106796 0.0625 0.17961165048543687
1 0.605 0.3252427184466019 0.065 0.16504854368932037
1 0.6625 0.1262135922330097 0.055 0.13592233009708737
0 0.53625 0.09223300970873785 0.0475 0.09708737864077668
1 0.76625 0.4174757281553398 0.0575 0.14563106796116504
1 0.8075 0.6796116504854368 0.09 0.20388349514563106
1 0.85875 0.6504854368932038 0.0575 0.1553398058252427
1 0.965 0.45631067961165045 0.07 0.1844660194174757
1 0.92625 0.20145631067961164 0.0625 0.15048543689320387
1 0.94375 0.0558252427184466 0.0525 0.09223300970873785
1 0.84875 0.36165048543689315 0.0675 0.1407766990291262
1 0.97375 0.8883495145631067 0.0475 0.21359223300970873