1 0.6675 0.6558219178082192 0.12 0.18835616438356162
1 0.80125 0.5565068493150684 0.1325 0.1952054794520548
1 0.9400000000000001 0.4520547945205479 0.06 0.10273972602739725
1 0.82625 0.25513698630136983 0.0675 0.08561643835616438
1 0.92875 0.2191780821917808 0.0325 0.0684931506849315
1 0.685 0.3613013698630137 0.08 0.11301369863013698
1 0.63 0.1952054794520548 0.045 0.07534246575342465
1 0.56125 0.44863013698630133 0.0725 0.1095890410958904
1 0.36625 0.4537671232876712 0.0725 0.11986301369863013
1 0.5075000000000001 0.3613013698630137 0.06 0.07876712328767123
1 0.25 0.4178082191780822 0.06 0.07534246575342465
1 0.11625 0.523972602739726 0.0725 0.11643835616438356
1 0.05 0.37842465753424653 0.055 0.07876712328767123
1 0.23875000000000002 0.2208904109589041 0.0575 0.07191780821917808
1 0.35625 0.1678082191780822 0.0525 0.07534246575342465
1 0.47750000000000004 0.21575342465753422 0.03 0.0547945205479452
1 0.53125 0.2534246575342466 0.0325 0.06164383561643835
1 0.14125000000000001 0.17123287671232876 0.0575 0.07534246575342465