1 0.06875 0.916015625 0.1075 0.16015625
1 0.1925 0.794921875 0.07 0.11328125
1 0.3025 0.740234375 0.13 0.23046875
1 0.49375 0.61328125 0.0775 0.1640625
1 0.32 0.240234375 0.045 0.07421875
1 0.39875 0.111328125 0.0375 0.05859375
1 0.4225 0.24609375 0.035 0.0703125
1 0.4975 0.138671875 0.03 0.04296875
1 0.59125 0.15234375 0.0375 0.0625
1 0.56375 0.373046875 0.0375 0.06640625
1 0.69125 0.560546875 0.10250000000000001 0.16015625
1 0.755 0.19140625 0.035 0.0546875
0 0.8462500000000001 0.341796875 0.0375 0.05859375
0 0.6637500000000001 0.19921875 0.0375 0.0625
0 0.44625000000000004 0.455078125 0.0475 0.07421875