1 0.08125 0.21902654867256638 0.0525 0.09292035398230089
1 0.16625 0.27654867256637167 0.0425 0.08407079646017698
1 0.2975 0.18141592920353983 0.03 0.061946902654867256
1 0.35000000000000003 0.25663716814159293 0.055 0.10619469026548672
1 0.365 0.18141592920353983 0.035 0.061946902654867256
1 0.405 0.2323008849557522 0.04 0.08407079646017698
1 0.4475 0.4668141592920354 0.055 0.09292035398230089
1 0.47500000000000003 0.22566371681415928 0.03 0.061946902654867256
1 0.5275 0.21902654867256638 0.03 0.0752212389380531
1 0.56125 0.23008849557522124 0.0425 0.08849557522123894
1 0.61125 0.2610619469026549 0.0375 0.07079646017699115
1 0.65125 0.3008849557522124 0.0475 0.08849557522123894
1 0.71 0.3185840707964602 0.055 0.09734513274336283
1 0.7625000000000001 0.2079646017699115 0.04 0.07964601769911504
0 0.80625 0.21017699115044247 0.0375 0.05752212389380531
1 0.88125 0.18584070796460178 0.0425 0.08849557522123894
1 0.93875 0.21017699115044247 0.0425 0.09292035398230089
1 0.83875 0.2079646017699115 0.0225 0.05309734513274336