1 0.04875 0.27203065134099613 0.0475 0.06896551724137931
1 0.185 0.24904214559386972 0.04 0.06130268199233716
1 0.265 0.2547892720306513 0.035 0.06513409961685823
1 0.40750000000000003 0.23946360153256704 0.04 0.06513409961685823
1 0.4525 0.22988505747126436 0.03 0.053639846743295014
1 0.4875 0.2260536398467433 0.03 0.06130268199233716
1 0.52125 0.16858237547892718 0.0325 0.038314176245210725
1 0.51125 0.2796934865900383 0.0375 0.06130268199233716
1 0.57625 0.3505747126436781 0.0575 0.08812260536398467
0 0.6725 0.20881226053639845 0.045 0.07279693486590037
1 0.6925 0.37164750957854403 0.06 0.10727969348659003
1 0.80875 0.1839080459770115 0.0375 0.06130268199233716
1 0.80125 0.3448275862068965 0.0525 0.06896551724137931
1 0.9175 0.4521072796934866 0.08 0.13793103448275862
0 0.865 0.421455938697318 0.035 0.07662835249042145