1 0.47875 0.2752808988764045 0.0775 0.12359550561797752
1 0.085 0.45131086142322097 0.045 0.06367041198501873
1 0.15875 0.5074906367041199 0.0375 0.04868913857677903
1 0.305 0.5205992509363296 0.03 0.052434456928838954
1 0.23125 0.5355805243445693 0.0225 0.0449438202247191
1 0.265 0.5674157303370787 0.025 0.04119850187265918
1 0.63625 0.5355805243445693 0.0275 0.0449438202247191
0 0.6225 0.6591760299625469 0.02 0.03745318352059925
1 0.77125 0.41198501872659177 0.0375 0.0749063670411985
1 0.8475 0.4363295880149813 0.035 0.07116104868913858
1 0.925 0.3052434456928839 0.06 0.12359550561797752