1 0.1975 0.07777777777777778 0.01 0.022222222222222223
1 0.21625 0.08 0.0125 0.026666666666666665
1 0.255 0.07111111111111111 0.015 0.026666666666666665
1 0.3225 0.05333333333333333 0.025 0.06222222222222222
1 0.30125 0.14222222222222222 0.0325 0.035555555555555556
1 0.14875 0.09333333333333334 0.0275 0.06222222222222222
1 0.45125 0.11555555555555555 0.0175 0.06222222222222222
1 0.5025000000000001 0.13111111111111112 0.04 0.08444444444444445
1 0.5925 0.19555555555555557 0.015 0.026666666666666665
1 0.6950000000000001 0.12222222222222222 0.04 0.07555555555555556
1 0.875 0.14444444444444443 0.035 0.09333333333333334