1 0.10875 0.5617977528089888 0.1125 0.17228464419475656
1 0.20375000000000001 0.8146067415730337 0.1225 0.19850187265917604
1 0.315 0.47191011235955055 0.065 0.10486891385767791
1 0.23750000000000002 0.4756554307116105 0.05 0.06741573033707865
1 0.30375 0.3445692883895131 0.0475 0.0749063670411985
1 0.4175 0.3764044943820225 0.045 0.09363295880149813
1 0.38 0.34269662921348315 0.03 0.04868913857677903
1 0.47750000000000004 0.49812734082397003 0.07 0.1198501872659176
1 0.62125 0.3895131086142322 0.0675 0.1198501872659176
1 0.7725 0.3464419475655431 0.05 0.09363295880149813
1 0.76125 0.5973782771535581 0.0925 0.13857677902621723
1 0.85875 0.8838951310861424 0.1475 0.20224719101123595
1 0.89 0.3764044943820225 0.04 0.07116104868913858
1 0.95125 0.45318352059925093 0.0475 0.06741573033707865
1 0.95875 0.7097378277153558 0.0825 0.21348314606741572
1 0.68625 0.41760299625468167 0.0425 0.07116104868913858
1 0.95375 0.352059925093633 0.0375 0.0449438202247191