2 0.10625 0.2358490566037736 0.1125 0.17735849056603772
0 0.23500000000000001 0.1169811320754717 0.065 0.0830188679245283
1 0.355 0.20566037735849058 0.045 0.08679245283018867
1 0.41250000000000003 0.3433962264150943 0.08 0.12830188679245283
1 0.25625 0.749056603773585 0.20750000000000002 0.30566037735849055
1 0.56 0.6849056603773584 0.195 0.30566037735849055
1 0.61875 0.39811320754716983 0.0975 0.16226415094339622
1 0.4975 0.2490566037735849 0.07 0.11320754716981132
0 0.83125 0.23773584905660378 0.0825 0.12830188679245283
1 0.9450000000000001 0.13962264150943396 0.09 0.11320754716981132
1 0.9575 0.28679245283018867 0.08 0.14339622641509434
1 0.7887500000000001 0.5528301886792453 0.1125 0.1849056603773585