1 0.02125 0.24557522123893805 0.0325 0.0663716814159292
1 0.1325 0.1084070796460177 0.06 0.12831858407079647
1 0.25875 0.3230088495575221 0.0225 0.07079646017699115
2 0.37125 0.3252212389380531 0.0275 0.05752212389380531
1 0.40625 0.14823008849557523 0.0325 0.09292035398230089
1 0.515 0.16592920353982302 0.025 0.08407079646017698
1 0.50375 0.22787610619469026 0.0275 0.0663716814159292
1 0.655 0.22566371681415928 0.035 0.07079646017699115
1 0.70375 0.2345132743362832 0.0325 0.07079646017699115
1 0.76875 0.29646017699115046 0.0175 0.04424778761061947
1 0.81625 0.24336283185840707 0.0375 0.07079646017699115
1 0.89 0.26991150442477874 0.03 0.061946902654867256
1 0.925 0.2721238938053097 0.025 0.0663716814159292