2 0.11750000000000001 0.43805309734513276 0.14 0.25663716814159293
1 0.43125 0.6261061946902655 0.11750000000000001 0.252212389380531
1 0.53625 0.75 0.0725 0.1902654867256637
1 0.6625 0.7876106194690266 0.125 0.23008849557522124
1 0.8150000000000001 0.7146017699115044 0.09 0.19911504424778761
1 0.65375 0.36283185840707965 0.0625 0.1415929203539823
1 0.72 0.32079646017699115 0.065 0.11946902654867256
1 0.51 0.2610619469026549 0.045 0.10619469026548672
1 0.5575 0.19911504424778761 0.05 0.09734513274336283
1 0.47500000000000003 0.33185840707964603 0.065 0.09734513274336283
1 0.5975 0.07743362831858407 0.04 0.0663716814159292
1 0.68125 0.050884955752212385 0.0375 0.05752212389380531
1 0.5337500000000001 0.061946902654867256 0.0375 0.061946902654867256