1 0.03125 0.3 0.0325 0.08444444444444445
1 0.11125 0.27555555555555555 0.0475 0.08888888888888889
1 0.2575 0.6177777777777778 0.035 0.06222222222222222
1 0.30375 0.43555555555555553 0.0375 0.08
1 0.34750000000000003 0.36 0.035 0.06222222222222222
1 0.41625 0.4066666666666667 0.0425 0.06666666666666667
1 0.46375 0.40444444444444444 0.0325 0.05333333333333333
1 0.56875 0.37555555555555553 0.0325 0.06666666666666667
1 0.635 0.3888888888888889 0.035 0.06666666666666667
1 0.72 0.3288888888888889 0.035 0.06222222222222222
0 0.21875 0.33555555555555555 0.0375 0.07555555555555556
0 0.31125 0.3488888888888889 0.0275 0.04888888888888889
0 0.53 0.38666666666666666 0.03 0.07111111111111111
0 0.3925 0.36666666666666664 0.035 0.06666666666666667