1 0.095 0.747787610619469 0.17 0.3185840707964602
1 0.26125 0.6128318584070797 0.10250000000000001 0.1902654867256637
0 0.3 0.37610619469026546 0.065 0.10619469026548672
1 0.41000000000000003 0.5110619469026548 0.085 0.14601769911504425
0 0.47500000000000003 0.35176991150442477 0.035 0.11946902654867256
1 0.54625 0.42035398230088494 0.1075 0.21238938053097345
1 0.6425 0.41814159292035397 0.085 0.18141592920353983
0 0.6725 0.13495575221238937 0.045 0.08407079646017698
1 0.86375 0.21017699115044247 0.0475 0.0752212389380531
1 0.9175 0.17920353982300885 0.055 0.10176991150442477
1 0.73875 0.31194690265486724 0.0475 0.08407079646017698
1 0.78125 0.415929203539823 0.0725 0.1415929203539823
1 0.95875 0.4358407079646018 0.0675 0.13716814159292035
1 0.7525000000000001 0.9070796460176991 0.135 0.16814159292035397
1 0.44125000000000003 0.09955752212389381 0.0325 0.05752212389380531
0 0.595 0.1327433628318584 0.03 0.07079646017699115
0 0.77625 0.046460176991150445 0.0325 0.048672566371681415