0 0.02 0.21333333333333335 0.035 0.060000000000000005
0 0.06625 0.18500000000000003 0.0475 0.07
0 0.12875 0.17666666666666667 0.0325 0.05333333333333334
0 0.13375 0.23333333333333334 0.0225 0.07333333333333333
0 0.06125 0.39 0.0325 0.060000000000000005
1 0.09125 0.5116666666666667 0.0575 0.09666666666666668
2 0.145 0.6216666666666667 0.06 0.10333333333333335
0 0.28250000000000003 0.9516666666666668 0.085 0.09000000000000001
0 0.28250000000000003 0.045000000000000005 0.03 0.05
0 0.295 0.16166666666666668 0.04 0.07
0 0.34625 0.20333333333333334 0.0325 0.07333333333333333
0 0.38 0.21666666666666667 0.03 0.07333333333333333
0 0.26125 0.3766666666666667 0.0425 0.06666666666666667
1 0.33125 0.535 0.0475 0.09000000000000001
1 0.41375 0.53 0.0425 0.08666666666666667
0 0.49625 0.20500000000000002 0.0325 0.05666666666666667
0 0.53125 0.2066666666666667 0.0275 0.060000000000000005
1 0.585 0.25833333333333336 0.03 0.09666666666666668
0 0.6725 0.12833333333333335 0.045 0.09000000000000001
0 0.755 0.15833333333333335 0.035 0.06333333333333334
1 0.88375 0.155 0.0525 0.09000000000000001
1 0.87 0.31 0.05 0.11333333333333334
0 0.28500000000000003 0.05 0.035 0.04