0 0.058750000000000004 0.4812734082397004 0.0925 0.13857677902621723
0 0.08625000000000001 0.1198501872659176 0.0675 0.09737827715355805
1 0.145 0.08801498127340825 0.055 0.09363295880149813
1 0.30875 0.04307116104868914 0.0575 0.08614232209737828
0 0.2275 0.11423220973782772 0.07 0.10861423220973783
0 0.2625 0.2808988764044944 0.045 0.0749063670411985
0 0.215 0.4756554307116105 0.085 0.12734082397003746
0 0.15625 0.6385767790262172 0.1075 0.10861423220973783
1 0.21 0.8745318352059925 0.13 0.2209737827715356
0 0.3575 0.6573033707865169 0.14 0.16104868913857678
0 0.32375 0.3764044943820225 0.0925 0.12359550561797752
0 0.34375 0.1348314606741573 0.0725 0.0749063670411985
0 0.4375 0.149812734082397 0.065 0.0898876404494382
1 0.49875 0.11235955056179775 0.0725 0.09737827715355805
1 0.4875 0.34831460674157305 0.09 0.12734082397003746
0 0.56875 0.2602996254681648 0.0625 0.10112359550561797
0 0.62875 0.1104868913857678 0.0775 0.11610486891385768
0 0.73375 0.10674157303370786 0.0675 0.07865168539325842
0 0.74375 0.26591760299625467 0.0625 0.0898876404494382
1 0.68 0.4250936329588015 0.1 0.15355805243445694
0 0.63375 0.6629213483146067 0.0925 0.12734082397003746
1 0.7525000000000001 0.7940074906367042 0.1 0.14232209737827717
1 0.8275 0.49625468164794007 0.09 0.13857677902621723
0 0.865 0.1441947565543071 0.06 0.09363295880149813
0 0.975 0.08614232209737828 0.05 0.0749063670411985
1 0.9237500000000001 0.3146067415730337 0.0725 0.09737827715355805