0 0.13 0.9061224489795919 0.045 0.0653061224489796
0 0.0275 0.6734693877551021 0.04 0.0653061224489796
0 0.14875 0.6816326530612246 0.0375 0.0653061224489796
0 0.0425 0.5714285714285715 0.035 0.05714285714285715
0 0.16375 0.5306122448979592 0.0425 0.0653061224489796
0 0.05625 0.43469387755102046 0.0375 0.06122448979591837
0 0.1625 0.43673469387755104 0.035 0.04081632653061225
0 0.20125 0.38367346938775515 0.0325 0.0489795918367347
0 0.06375 0.28775510204081634 0.0325 0.05306122448979592
0 0.09625 0.23877551020408166 0.0275 0.036734693877551024
0 0.21 0.2571428571428572 0.035 0.05714285714285715
0 0.11750000000000001 0.1142857142857143 0.03 0.0489795918367347
0 0.20750000000000002 0.1306122448979592 0.035 0.05714285714285715
0 0.22625 0.06326530612244899 0.0325 0.04489795918367347
0 0.39375 0.12244897959183675 0.0175 0.04081632653061225
1 0.47000000000000003 0.10816326530612246 0.02 0.04489795918367347
1 0.51625 0.09387755102040818 0.0225 0.04081632653061225
0 0.4525 0.14081632653061227 0.03 0.04489795918367347
0 0.45625 0.1979591836734694 0.0275 0.04489795918367347
1 0.43625 0.2979591836734694 0.0275 0.04081632653061225
0 0.47250000000000003 0.3489795918367347 0.02 0.04489795918367347
0 0.45125 0.4 0.0225 0.0489795918367347
0 0.455 0.48775510204081635 0.03 0.05306122448979592
0 0.43125 0.5795918367346939 0.0375 0.05714285714285715
0 0.46625 0.6551020408163266 0.0325 0.04489795918367347
0 0.47500000000000003 0.8367346938775511 0.035 0.04081632653061225
0 0.49125 0.9285714285714286 0.0425 0.06938775510204082
0 0.46 0.9122448979591837 0.015 0.04489795918367347
1 0.52125 0.4408163265306123 0.0325 0.0489795918367347
0 0.5525 0.48367346938775513 0.035 0.06122448979591837
0 0.56 0.38979591836734695 0.035 0.05306122448979592
0 0.5325 0.38367346938775515 0.025 0.0489795918367347
0 0.52375 0.20612244897959187 0.0175 0.036734693877551024
0 0.545 0.2285714285714286 0.03 0.0489795918367347
0 0.58 0.10816326530612246 0.025 0.04489795918367347
0 0.5875 0.2489795918367347 0.03 0.0489795918367347
0 0.635 0.23877551020408166 0.025 0.036734693877551024
0 0.63625 0.34693877551020413 0.0325 0.0489795918367347
0 0.615 0.5224489795918368 0.03 0.04081632653061225
0 0.56125 0.6693877551020408 0.0275 0.05714285714285715
0 0.5975 0.7183673469387756 0.035 0.05714285714285715
0 0.64125 0.7142857142857143 0.0325 0.05714285714285715
0 0.6475 0.5469387755102041 0.035 0.05714285714285715
0 0.6375000000000001 0.9387755102040817 0.03 0.05714285714285715
0 0.61625 0.1510204081632653 0.0275 0.04081632653061225
0 0.65625 0.12244897959183675 0.0175 0.04081632653061225
0 0.64625 0.06938775510204082 0.0225 0.0326530612244898
0 0.71375 0.09591836734693879 0.0225 0.036734693877551024
0 0.6875 0.1285714285714286 0.025 0.028571428571428574
0 0.7175 0.17346938775510207 0.03 0.036734693877551024
0 0.705 0.27346938775510204 0.035 0.04081632653061225
0 0.72875 0.2510204081632653 0.0125 0.04489795918367347
0 0.69875 0.37142857142857144 0.0325 0.04081632653061225
0 0.72875 0.41836734693877553 0.0325 0.05306122448979592
0 0.75375 0.426530612244898 0.0175 0.04489795918367347
0 0.74125 0.5285714285714286 0.0325 0.05306122448979592
0 0.73375 0.6673469387755102 0.0375 0.04489795918367347
0 0.7675000000000001 0.8020408163265307 0.035 0.05306122448979592
0 0.7837500000000001 0.8734693877551021 0.0225 0.0326530612244898
0 0.8 0.9653061224489797 0.035 0.05306122448979592
0 0.75875 0.1 0.0175 0.028571428571428574