1 0.8462500000000001 0.16853932584269662 0.0625 0.09737827715355805
1 0.09 0.20599250936329588 0.05 0.06741573033707865
1 0.64375 0.1947565543071161 0.0475 0.0749063670411985
1 0.70875 0.2958801498127341 0.0325 0.052434456928838954
2 0.93625 0.29775280898876405 0.0475 0.07865168539325842
2 0.47750000000000004 0.19662921348314608 0.055 0.10112359550561797
2 0.11625 0.27902621722846443 0.0575 0.09363295880149813
0 0.0225 0.20037453183520598 0.045 0.07116104868913858
0 0.195 0.2940074906367041 0.055 0.08614232209737828
0 0.23375 0.23220973782771537 0.0375 0.0599250936329588
0 0.3625 0.24344569288389514 0.045 0.0599250936329588
0 0.6012500000000001 0.2153558052434457 0.0425 0.06367041198501873
0 0.72375 0.15355805243445694 0.0475 0.06741573033707865