1 0.07625 0.6444444444444445 0.1325 0.28444444444444444
1 0.32375 0.3888888888888889 0.0275 0.057777777777777775
1 0.40625 0.3977777777777778 0.0325 0.07555555555555556
1 0.545 0.31555555555555553 0.03 0.06222222222222222
1 0.1325 0.4066666666666667 0.015 0.03111111111111111
1 0.44125000000000003 0.36444444444444446 0.0125 0.026666666666666665
1 0.48875 0.36444444444444446 0.0175 0.035555555555555556
1 0.64 0.34 0.02 0.022222222222222223
1 0.7025 0.35555555555555557 0.03 0.05333333333333333
1 0.89875 0.3 0.17250000000000001 0.3244444444444444
0 0.73 0.30666666666666664 0.015 0.035555555555555556
1 0.215 0.3977777777777778 0.01 0.04