1 0.045 0.4838709677419355 0.02 0.04608294930875576
1 0.1325 0.5460829493087558 0.035 0.06912442396313365
1 0.18125 0.5253456221198156 0.0575 0.11981566820276497
1 0.22875 0.5 0.0325 0.06912442396313365
1 0.32 0.6751152073732719 0.06 0.10599078341013825
1 0.04625 0.41705069124423966 0.0125 0.02304147465437788
1 0.0925 0.4147465437788018 0.015 0.027649769585253454
1 0.11625 0.423963133640553 0.0225 0.03686635944700461
1 0.13875 0.4216589861751152 0.0175 0.03225806451612903
1 0.295 0.4308755760368664 0.025 0.05069124423963134
1 0.31875000000000003 0.44930875576036866 0.0175 0.03225806451612903
1 0.33375 0.5092165898617511 0.0275 0.041474654377880185
1 0.3575 0.4078341013824885 0.015 0.03225806451612903
1 0.44125000000000003 0.47235023041474655 0.0275 0.041474654377880185
1 0.42 0.6428571428571429 0.03 0.05069124423963134
1 0.495 0.4631336405529954 0.02 0.059907834101382486
1 0.53625 0.4976958525345622 0.0325 0.06451612903225806
1 0.52375 0.619815668202765 0.0425 0.1336405529953917
1 0.46375 0.37327188940092165 0.0175 0.03686635944700461
1 0.42125 0.3778801843317972 0.0225 0.03686635944700461
1 0.64125 0.5023041474654378 0.0425 0.06451612903225806
1 0.57625 0.43317972350230416 0.0225 0.03686635944700461
1 0.6775 0.3663594470046083 0.015 0.03225806451612903
1 0.665 0.3271889400921659 0.015 0.027649769585253454
1 0.7775 0.6912442396313364 0.13 0.2488479262672811
1 0.96 0.4147465437788018 0.04 0.09216589861751152
1 0.8725 0.44930875576036866 0.025 0.05069124423963134
1 0.07375 0.5944700460829493 0.0175 0.03686635944700461
1 0.0625 0.41013824884792627 0.015 0.027649769585253454