1 0.20500000000000002 0.15503875968992248 0.055 0.07751937984496124
1 0.28750000000000003 0.3817829457364341 0.045 0.06589147286821706
1 0.46375 0.2054263565891473 0.0475 0.06976744186046512
1 0.91125 0.19573643410852712 0.0425 0.06589147286821706
1 0.68875 0.21705426356589147 0.0375 0.05426356589147287
1 0.6075 0.19767441860465115 0.035 0.046511627906976744
1 0.56375 0.22868217054263565 0.0275 0.046511627906976744
1 0.07625 0.18992248062015504 0.0275 0.03875968992248062
1 0.29 0.14922480620155038 0.025 0.04263565891472868
1 0.3375 0.18023255813953487 0.02 0.03488372093023256
1 0.3875 0.18604651162790697 0.02 0.031007751937984496
1 0.9712500000000001 0.1996124031007752 0.0175 0.027131782945736434