0 0.1225 0.30000000000000004 0.065 0.13333333333333336
0 0.18625 0.42380952380952386 0.0625 0.10476190476190478
0 0.19125 0.5976190476190477 0.0675 0.1380952380952381
0 0.2475 0.27142857142857146 0.06 0.13333333333333336
0 0.335 0.5476190476190477 0.075 0.1619047619047619
1 0.445 0.5785714285714286 0.09 0.19523809523809527
0 0.54 0.3047619047619048 0.055 0.13333333333333336
0 0.6062500000000001 0.6642857142857144 0.0825 0.15714285714285717
0 0.62 0.49523809523809526 0.065 0.13333333333333336
1 0.8825000000000001 0.6404761904761905 0.08 0.18571428571428572
0 0.96 0.3547619047619048 0.055 0.11904761904761905
0 0.6925 0.1523809523809524 0.055 0.10476190476190478
0 0.87875 0.2023809523809524 0.0425 0.08095238095238096
0 0.4825 0.2761904761904762 0.055 0.09523809523809525