1 0.04 0.8775510204081634 0.065 0.1142857142857143
1 0.125 0.7816326530612245 0.065 0.11020408163265308
2 0.16625 0.7122448979591838 0.0525 0.09387755102040818
0 0.09375 0.4755102040816327 0.0425 0.06938775510204082
1 0.0825 0.35102040816326535 0.04 0.08979591836734695
1 0.025 0.31836734693877555 0.035 0.07346938775510205
0 0.08 0.04489795918367347 0.05 0.0816326530612245
1 0.29625 0.07346938775510205 0.0525 0.0816326530612245
1 0.2575 0.26734693877551025 0.055 0.06938775510204082
1 0.2625 0.4938775510204082 0.045 0.08979591836734695
1 0.3725 0.9224489795918368 0.07 0.10612244897959185
1 0.51625 0.7428571428571429 0.0625 0.0816326530612245
1 0.56375 0.8224489795918368 0.0725 0.10204081632653061
1 0.49625 0.426530612244898 0.0575 0.09387755102040818
1 0.48125 0.2755102040816327 0.0625 0.08571428571428572
1 0.48875 0.1469387755102041 0.0575 0.07346938775510205
1 0.63875 0.489795918367347 0.0475 0.0816326530612245
1 0.6587500000000001 0.2693877551020408 0.0525 0.08979591836734695
1 0.74375 0.26734693877551025 0.0575 0.09387755102040818
1 0.93 0.6408163265306123 0.07 0.07346938775510205
1 0.89 0.34285714285714286 0.06 0.0816326530612245
1 0.8200000000000001 0.2 0.045 0.07346938775510205
1 0.8175 0.08775510204081634 0.045 0.06122448979591837