1 0.0825 0.23220973782771537 0.045 0.06741573033707865
1 0.18625 0.11423220973782772 0.0325 0.04868913857677903
1 0.25375000000000003 0.2808988764044944 0.0425 0.0599250936329588
1 0.36875 0.08614232209737828 0.0325 0.0449438202247191
1 0.41250000000000003 0.1441947565543071 0.04 0.06367041198501873
1 0.51625 0.3539325842696629 0.0525 0.08614232209737828
1 0.45375 0.08052434456928839 0.0375 0.056179775280898875
1 0.5175 0.0898876404494382 0.035 0.052434456928838954
1 0.6175 0.2640449438202247 0.045 0.07116104868913858
1 0.605 0.20599250936329588 0.035 0.052434456928838954
0 0.42 0.0749063670411985 0.025 0.0299625468164794
0 0.59125 0.09925093632958802 0.0225 0.04119850187265918
1 0.5975 0.03932584269662921 0.025 0.033707865168539325
1 0.6637500000000001 0.13295880149812733 0.0325 0.04119850187265918
0 0.6275000000000001 0.02247191011235955 0.025 0.03745318352059925
2 0.6950000000000001 0.0749063670411985 0.025 0.0449438202247191
1 0.7475 0.054307116104868915 0.03 0.04868913857677903
1 0.76625 0.05805243445692884 0.0125 0.033707865168539325
0 0.725 0.05056179775280899 0.02 0.033707865168539325
0 0.88 0.056179775280898875 0.03 0.03745318352059925
1 0.9525 0.09737827715355805 0.03 0.0449438202247191