0 0.0425 0.7191011235955056 0.02 0.0599250936329588
1 0.09625 0.7284644194756554 0.0425 0.07116104868913858
1 0.17375000000000002 0.6966292134831461 0.0175 0.0449438202247191
1 0.26 0.752808988764045 0.04 0.0599250936329588
0 0.325 0.5655430711610487 0.025 0.0449438202247191
1 0.3525 0.5823970037453183 0.035 0.04868913857677903
2 0.395 0.5955056179775281 0.03 0.03745318352059925
0 0.36875 0.6629213483146067 0.0325 0.052434456928838954
1 0.32125 0.6985018726591761 0.0375 0.04868913857677903
1 0.41375 0.6741573033707865 0.0375 0.0599250936329588
1 0.455 0.6235955056179775 0.035 0.06367041198501873
1 0.5475 0.5917602996254682 0.03 0.0449438202247191
1 0.5025000000000001 0.6985018726591761 0.04 0.06367041198501873
1 0.52625 0.7715355805243446 0.0425 0.0749063670411985
1 0.59875 0.5805243445692884 0.0375 0.0599250936329588
0 0.57375 0.9606741573033708 0.0475 0.07116104868913858
1 0.56625 0.48314606741573035 0.0275 0.03745318352059925
1 0.51125 0.44756554307116103 0.0225 0.04119850187265918
1 0.615 0.48876404494382025 0.025 0.04119850187265918
1 0.7275 0.41198501872659177 0.025 0.03745318352059925
1 0.78625 0.4232209737827715 0.0175 0.0299625468164794
1 0.905 0.5 0.025 0.033707865168539325