1 0.00875 0.3511111111111111 0.0175 0.026666666666666665
1 0.115 0.37555555555555553 0.02 0.03111111111111111
1 0.03375 0.45111111111111113 0.0375 0.06666666666666667
1 0.095 0.54 0.03 0.06666666666666667
1 0.20625000000000002 0.44 0.0525 0.09777777777777778
1 0.22875 0.3688888888888889 0.0225 0.05333333333333333
1 0.2575 0.34 0.02 0.04
1 0.32375 0.35555555555555557 0.0125 0.026666666666666665
1 0.29875 0.39111111111111113 0.0175 0.035555555555555556
1 0.32 0.4711111111111111 0.035 0.07111111111111111
1 0.3525 0.43555555555555553 0.02 0.05333333333333333
1 0.39875 0.4488888888888889 0.0575 0.09777777777777778
1 0.4525 0.6266666666666667 0.065 0.13333333333333333
2 0.44375000000000003 0.38 0.0125 0.022222222222222223
1 0.595 0.4688888888888889 0.025 0.06666666666666667
1 0.6425 0.40444444444444444 0.02 0.044444444444444446
1 0.6875 0.49777777777777776 0.035 0.07111111111111111
1 0.8475 0.6466666666666666 0.16 0.30666666666666664
1 0.9400000000000001 0.74 0.06 0.1288888888888889