0 0.14875 0.84 0.11750000000000001 0.21333333333333332
0 0.06375 0.5866666666666667 0.10250000000000001 0.14222222222222222
1 0.043750000000000004 0.38666666666666666 0.0825 0.09777777777777778
1 0.14 0.3688888888888889 0.09 0.1688888888888889
1 0.20750000000000002 0.34444444444444444 0.04 0.08444444444444445
0 0.27375 0.4111111111111111 0.0925 0.17333333333333334
1 0.34375 0.6777777777777778 0.1125 0.19111111111111112
1 0.4425 0.6466666666666666 0.085 0.14666666666666667
1 0.58625 0.6377777777777778 0.1325 0.22666666666666666
1 0.49625 0.44222222222222224 0.0425 0.14666666666666667
0 0.3575 0.36 0.065 0.13333333333333333
2 0.4525 0.3111111111111111 0.07 0.12444444444444444
0 0.58125 0.28 0.0625 0.11555555555555555
0 0.21 0.18222222222222223 0.055 0.09777777777777778
1 0.17250000000000001 0.20222222222222222 0.035 0.08444444444444445
1 0.12125 0.13555555555555557 0.0425 0.07555555555555556
1 0.02875 0.20666666666666667 0.0575 0.12
2 0.0725 0.19777777777777777 0.035 0.07555555555555556
1 0.19375 0.042222222222222223 0.0275 0.04888888888888889
1 0.24375 0.11777777777777777 0.0225 0.04888888888888889
1 0.2625 0.18888888888888888 0.045 0.08444444444444445
1 0.41000000000000003 0.31777777777777777 0.04 0.10222222222222223
1 0.37875000000000003 0.21333333333333332 0.0375 0.06222222222222222
1 0.33375 0.1622222222222222 0.0375 0.057777777777777775
1 0.37625000000000003 0.15333333333333332 0.0425 0.057777777777777775
1 0.3325 0.05333333333333333 0.025 0.05333333333333333
1 0.29125 0.06 0.0125 0.04
1 0.39375 0.07777777777777778 0.0225 0.04888888888888889
1 0.41000000000000003 0.11333333333333333 0.03 0.04888888888888889
0 0.47875 0.12222222222222222 0.0375 0.07555555555555556
1 0.51125 0.20666666666666667 0.0425 0.09333333333333334
1 0.50375 0.2777777777777778 0.0425 0.08444444444444445
1 0.51625 0.04888888888888889 0.0125 0.05333333333333333
1 0.5775 0.057777777777777775 0.02 0.044444444444444446
1 0.63625 0.04 0.0275 0.05333333333333333
2 0.655 0.16666666666666666 0.045 0.07555555555555556
0 0.625 0.2688888888888889 0.025 0.09333333333333334
1 0.67875 0.37555555555555553 0.0625 0.10222222222222223
1 0.68625 0.17777777777777778 0.0275 0.07111111111111111
0 0.6975 0.057777777777777775 0.02 0.044444444444444446
1 0.68125 0.5222222222222223 0.0275 0.07555555555555556
1 0.7475 0.5755555555555556 0.08 0.17333333333333334
1 0.81625 0.7733333333333333 0.1225 0.24888888888888888
1 0.8475 0.28 0.06 0.11555555555555555
0 0.9550000000000001 0.31777777777777777 0.025 0.10222222222222223
1 0.895 0.26 0.035 0.10222222222222223
1 0.73875 0.35777777777777775 0.0525 0.07555555555555556
1 0.79625 0.2111111111111111 0.0475 0.08444444444444445
1 0.78 0.1111111111111111 0.045 0.08888888888888889
2 0.8275 0.08666666666666667 0.03 0.08444444444444445
1 0.9125 0.12666666666666668 0.02 0.057777777777777775