1 0.265 0.10407239819004525 0.025 0.06334841628959277
1 0.23500000000000001 0.14705882352941177 0.04 0.06787330316742082
1 0.1625 0.6312217194570137 0.08 0.14027149321266968
1 0.33625 0.5203619909502263 0.0625 0.12669683257918554
1 0.4175 0.30995475113122173 0.055 0.11312217194570137
1 0.4 0.031674208144796386 0.02 0.03619909502262444
1 0.45625 0.0497737556561086 0.0175 0.04524886877828055
1 0.555 0.07918552036199096 0.03 0.0497737556561086
1 0.54125 0.24886877828054302 0.0525 0.1085972850678733
1 0.56875 0.42307692307692313 0.0625 0.12217194570135748
1 0.65125 0.24434389140271495 0.0575 0.1085972850678733
0 0.7475 0.12443438914027151 0.03 0.05882352941176471
1 0.81 0.15610859728506787 0.035 0.07692307692307693
1 0.78625 0.04524886877828055 0.0275 0.05429864253393665
1 0.85 0.038461538461538464 0.035 0.05882352941176471
1 0.89875 0.06334841628959277 0.0325 0.04524886877828055