1 0.01625 0.5155555555555555 0.0225 0.044444444444444446
1 0.075 0.8044444444444444 0.02 0.035555555555555556
1 0.0725 0.49333333333333335 0.025 0.044444444444444446
1 0.1375 0.5022222222222222 0.025 0.05333333333333333
0 0.11750000000000001 0.6288888888888889 0.025 0.04888888888888889
0 0.165 0.7111111111111111 0.02 0.044444444444444446
1 0.1325 0.37333333333333335 0.025 0.044444444444444446
1 0.18375 0.38222222222222224 0.0125 0.044444444444444446
0 0.14625 0.2688888888888889 0.0225 0.04
1 0.09125 0.15333333333333332 0.0175 0.04
1 0.2725 0.6866666666666666 0.03 0.057777777777777775
1 0.33875 0.8955555555555555 0.0325 0.057777777777777775
1 0.3025 0.6222222222222222 0.025 0.05333333333333333
0 0.2975 0.4822222222222222 0.02 0.04
1 0.275 0.41333333333333333 0.02 0.044444444444444446
1 0.3725 0.4888888888888889 0.02 0.044444444444444446
1 0.3925 0.6977777777777778 0.03 0.05333333333333333
1 0.42875 0.8133333333333334 0.0275 0.06222222222222222
1 0.3975 0.8 0.03 0.06222222222222222
1 0.48125 0.9155555555555556 0.0175 0.044444444444444446
1 0.49125 0.6555555555555556 0.0275 0.057777777777777775
1 0.47375 0.6044444444444445 0.0325 0.035555555555555556
1 0.45125 0.4533333333333333 0.0275 0.044444444444444446
1 0.35875 0.37333333333333335 0.0275 0.044444444444444446
1 0.23125 0.26 0.0225 0.03111111111111111
0 0.22 0.22 0.02 0.04
0 0.2775 0.27111111111111114 0.025 0.044444444444444446
0 0.3125 0.24444444444444444 0.02 0.035555555555555556
1 0.38125000000000003 0.2733333333333333 0.0225 0.04
1 0.36 0.20666666666666667 0.025 0.04
1 0.27625 0.08 0.0175 0.035555555555555556
1 0.3125 0.04888888888888889 0.015 0.035555555555555556
1 0.33875 0.16444444444444445 0.0175 0.035555555555555556
1 0.41500000000000004 0.15777777777777777 0.02 0.03111111111111111
1 0.25375000000000003 0.20444444444444446 0.0175 0.035555555555555556
1 0.4375 0.37555555555555553 0.025 0.04
1 0.47375 0.31777777777777777 0.0225 0.04888888888888889
1 0.50625 0.36444444444444446 0.0225 0.044444444444444446
1 0.5175 0.4822222222222222 0.02 0.04
1 0.63125 0.8777777777777778 0.0325 0.057777777777777775
1 0.675 0.9666666666666667 0.035 0.057777777777777775
1 0.6225 0.5711111111111111 0.025 0.04
1 0.63 0.40444444444444444 0.025 0.035555555555555556
1 0.56125 0.38222222222222224 0.0225 0.044444444444444446
1 0.58 0.3466666666666667 0.02 0.035555555555555556
1 0.58625 0.28 0.0175 0.035555555555555556
1 0.53 0.20444444444444446 0.02 0.035555555555555556
1 0.33 0.015555555555555555 0.015 0.03111111111111111
0 0.41875 0.04666666666666667 0.0125 0.03111111111111111
1 0.45 0.03111111111111111 0.02 0.035555555555555556
1 0.51875 0.07555555555555556 0.0175 0.035555555555555556
1 0.5625 0.028888888888888888 0.015 0.03111111111111111
1 0.65125 0.13777777777777778 0.0175 0.035555555555555556
0 0.67375 0.1111111111111111 0.0175 0.026666666666666665
1 0.6625 0.2822222222222222 0.02 0.03111111111111111
1 0.7000000000000001 0.3933333333333333 0.02 0.04
1 0.73 0.6133333333333333 0.03 0.05333333333333333
1 0.7262500000000001 0.4444444444444444 0.0225 0.044444444444444446
1 0.75 0.49333333333333335 0.025 0.044444444444444446
1 0.76375 0.4177777777777778 0.0225 0.044444444444444446
1 0.75875 0.5866666666666667 0.0225 0.044444444444444446
1 0.7075 0.07333333333333333 0.015 0.03111111111111111
1 0.6687500000000001 0.015555555555555555 0.0175 0.03111111111111111
1 0.73375 0.015555555555555555 0.0125 0.03111111111111111
1 0.76875 0.03333333333333333 0.0125 0.03111111111111111
0 0.77 0.07777777777777778 0.015 0.03111111111111111
0 0.7425 0.15777777777777777 0.015 0.03111111111111111
1 0.81 0.20666666666666667 0.02 0.04
1 0.86375 0.11333333333333333 0.0175 0.03111111111111111
0 0.875 0.013333333333333332 0.015 0.026666666666666665
1 0.9087500000000001 0.10888888888888888 0.0175 0.03111111111111111
1 0.895 0.18222222222222223 0.02 0.035555555555555556
1 0.88875 0.26 0.0225 0.04
1 0.8562500000000001 0.2911111111111111 0.0175 0.04
1 0.91 0.3088888888888889 0.02 0.04
1 0.95125 0.24888888888888888 0.0125 0.026666666666666665
1 0.9225 0.37777777777777777 0.025 0.044444444444444446
1 0.9550000000000001 0.45555555555555555 0.025 0.04
1 0.9675 0.30666666666666664 0.02 0.044444444444444446
1 0.8575 0.07555555555555556 0.015 0.026666666666666665
1 0.9875 0.6755555555555556 0.02 0.05333333333333333
1 0.9862500000000001 0.5844444444444444 0.0225 0.04888888888888889
1 0.93875 0.5111111111111111 0.0225 0.035555555555555556