1 0.0825 0.26327433628318586 0.05 0.09292035398230089
1 0.1675 0.3185840707964602 0.045 0.08849557522123894
1 0.34875 0.2942477876106195 0.0575 0.10176991150442477
1 0.40375 0.27876106194690264 0.0425 0.08849557522123894
1 0.45 0.5088495575221239 0.055 0.10619469026548672
1 0.47750000000000004 0.26991150442477874 0.03 0.061946902654867256
1 0.52625 0.2588495575221239 0.0275 0.08407079646017698
1 0.55875 0.2721238938053097 0.0425 0.09292035398230089
1 0.61125 0.3053097345132743 0.0375 0.07964601769911504
1 0.64875 0.34292035398230086 0.0425 0.09292035398230089
1 0.7125 0.36504424778761063 0.055 0.11061946902654868
1 0.765 0.25 0.035 0.0752212389380531
0 0.80625 0.25442477876106195 0.0425 0.05752212389380531
1 0.88 0.22787610619469026 0.045 0.08407079646017698
1 0.9375 0.25 0.05 0.09292035398230089
1 0.36625 0.22787610619469026 0.0375 0.0663716814159292
1 0.29875 0.22566371681415928 0.0375 0.061946902654867256