1 0.10875 0.4889380530973451 0.0775 0.1902654867256637
1 0.2725 0.3163716814159292 0.09 0.13716814159292035
1 0.08625000000000001 0.2234513274336283 0.0475 0.08407079646017698
1 0.32625 0.09070796460176991 0.0425 0.08407079646017698
1 0.46125 0.3274336283185841 0.0525 0.09734513274336283
1 0.52375 0.2610619469026549 0.0375 0.08849557522123894
1 0.6225 0.2743362831858407 0.035 0.09734513274336283
1 0.5725 0.4557522123893805 0.06 0.11504424778761062
1 0.605 0.6703539823008849 0.06 0.12831858407079647
1 0.76375 0.4314159292035398 0.0675 0.10176991150442477
1 0.59875 0.05309734513274336 0.0275 0.07079646017699115
1 0.82375 0.12831858407079647 0.0375 0.04424778761061947
1 0.9575 0.20575221238938052 0.07 0.13716814159292035
1 0.4675 0.10619469026548672 0.02 0.061946902654867256