1 0.1275 0.20708955223880596 0.04 0.0708955223880597
1 0.245 0.22014925373134328 0.05 0.07462686567164178
1 0.3375 0.24067164179104478 0.04 0.055970149253731345
1 0.43125 0.12313432835820895 0.0575 0.09701492537313433
1 0.48625 0.16977611940298507 0.0325 0.048507462686567165
1 0.56 0.1791044776119403 0.05 0.07462686567164178
1 0.63 0.3694029850746269 0.045 0.07462686567164178
1 0.685 0.15298507462686567 0.05 0.07462686567164178
1 0.76875 0.21082089552238806 0.0475 0.07835820895522388
1 0.83625 0.2294776119402985 0.0325 0.055970149253731345
1 0.87875 0.23134328358208955 0.0425 0.05970149253731343
1 0.9025 0.18097014925373134 0.025 0.041044776119402986
1 0.9725 0.15671641791044777 0.05 0.08208955223880597