1 0.0625 0.23555555555555555 0.115 0.2222222222222222
1 0.33875 0.37555555555555553 0.0775 0.15555555555555556
1 0.425 0.21777777777777776 0.035 0.08888888888888889
1 0.51875 0.23777777777777778 0.0675 0.13777777777777778
1 0.89625 0.26222222222222225 0.0375 0.07111111111111111
0 0.96125 0.2733333333333333 0.0325 0.07555555555555556
0 0.78125 0.24222222222222223 0.0425 0.08444444444444445
0 0.71875 0.23333333333333334 0.0375 0.08444444444444445
0 0.64125 0.23777777777777778 0.0425 0.1111111111111111
0 0.2125 0.25333333333333335 0.055 0.09777777777777778
0 0.155 0.24666666666666667 0.025 0.04888888888888889