0 0.1 0.2558139534883721 0.065 0.10852713178294573
1 0.23375 0.20930232558139533 0.0425 0.06976744186046512
1 0.27125 0.21124031007751937 0.0325 0.050387596899224806
1 0.34 0.18992248062015504 0.035 0.06201550387596899
1 0.21125 0.40891472868217055 0.0675 0.10465116279069767
1 0.31125 0.5271317829457365 0.0975 0.16279069767441862
1 0.39 0.2054263565891473 0.025 0.046511627906976744
1 0.41375 0.24031007751937983 0.0325 0.05426356589147287
1 0.48125 0.2965116279069767 0.0475 0.10465116279069767
1 0.54625 0.21511627906976744 0.0325 0.07364341085271317
1 0.67125 0.4321705426356589 0.08750000000000001 0.13565891472868216
1 0.87875 0.8624031007751938 0.1625 0.2441860465116279
1 0.76875 0.2810077519379845 0.0575 0.08914728682170542