1 0.08875 0.8266666666666668 0.0625 0.08666666666666667
1 0.21875 0.8266666666666668 0.0575 0.08666666666666667
1 0.33 0.8550000000000001 0.055 0.08333333333333334
1 0.50375 0.9 0.0675 0.08666666666666667
1 0.7937500000000001 0.7666666666666667 0.0625 0.07333333333333333
1 0.9525 0.8350000000000001 0.055 0.05
1 0.6637500000000001 0.6583333333333333 0.0575 0.07666666666666667
1 0.84875 0.5066666666666667 0.0475 0.060000000000000005
1 0.97875 0.5683333333333334 0.0325 0.06333333333333334
1 0.71875 0.5033333333333334 0.0375 0.05333333333333334
1 0.5425 0.6783333333333333 0.055 0.07
1 0.40750000000000003 0.645 0.055 0.07
1 0.225 0.5883333333333334 0.03 0.07666666666666667
1 0.1875 0.5733333333333334 0.055 0.08
1 0.12 0.5700000000000001 0.05 0.07333333333333333
1 0.0125 0.5433333333333333 0.025 0.07333333333333333
1 0.02 0.3916666666666667 0.04 0.043333333333333335
1 0.13 0.39 0.045 0.060000000000000005
1 0.2625 0.42833333333333334 0.04 0.05666666666666667
1 0.3425 0.42000000000000004 0.045 0.060000000000000005
1 0.46875 0.48000000000000004 0.0525 0.060000000000000005
1 0.5700000000000001 0.49333333333333335 0.05 0.060000000000000005
1 0.96375 0.35333333333333333 0.0425 0.060000000000000005
1 0.81375 0.3166666666666667 0.0275 0.060000000000000005
1 0.7225 0.305 0.04 0.06333333333333334
1 0.65 0.30333333333333334 0.045 0.04666666666666667
1 0.5375 0.25 0.04 0.060000000000000005
1 0.4825 0.2566666666666667 0.035 0.060000000000000005
1 0.3725 0.21333333333333335 0.035 0.060000000000000005
1 0.29125 0.23 0.0325 0.05333333333333334
1 0.17875 0.20333333333333334 0.0325 0.05333333333333334
1 0.085 0.2016666666666667 0.04 0.06333333333333334
1 0.01875 0.19166666666666668 0.0375 0.05666666666666667
1 0.0175 0.09666666666666668 0.03 0.04666666666666667
1 0.11625 0.10333333333333335 0.0225 0.04666666666666667
1 0.20625000000000002 0.14 0.0325 0.05333333333333334
1 0.3325 0.14500000000000002 0.03 0.05666666666666667
1 0.48375 0.11833333333333335 0.0275 0.05666666666666667
1 0.5725 0.15000000000000002 0.035 0.060000000000000005
1 0.6950000000000001 0.18000000000000002 0.035 0.060000000000000005
1 0.7875 0.15833333333333335 0.04 0.06333333333333334
1 0.9 0.19166666666666668 0.035 0.05666666666666667
1 0.985 0.21000000000000002 0.025 0.060000000000000005
1 0.8150000000000001 0.060000000000000005 0.03 0.04666666666666667
1 0.74 0.06833333333333334 0.035 0.05
1 0.64125 0.06166666666666667 0.0325 0.05666666666666667
1 0.5975 0.02 0.025 0.04
1 0.51375 0.05666666666666667 0.0325 0.04666666666666667
1 0.44625000000000004 0.060000000000000005 0.0325 0.04
1 0.37875000000000003 0.04666666666666667 0.0325 0.04666666666666667
1 0.29125 0.030000000000000002 0.0375 0.04666666666666667
1 0.17500000000000002 0.05166666666666667 0.025 0.03666666666666667
1 0.11 0.023333333333333334 0.025 0.04666666666666667