1 0.08375 0.26734693877551025 0.0425 0.08571428571428572
1 0.165 0.31428571428571433 0.05 0.07346938775510205
1 0.29875 0.2326530612244898 0.0275 0.05714285714285715
1 0.35375 0.2938775510204082 0.0475 0.0979591836734694
1 0.37 0.23469387755102042 0.03 0.06122448979591837
1 0.405 0.2755102040816327 0.04 0.07755102040816328
1 0.4525 0.47346938775510206 0.05 0.0816326530612245
1 0.4325 0.25306122448979596 0.015 0.05714285714285715
1 0.47625 0.27142857142857146 0.0275 0.06122448979591837
1 0.525 0.26734693877551025 0.03 0.06938775510204082
1 0.55875 0.27346938775510204 0.0425 0.0816326530612245
1 0.61125 0.3020408163265306 0.0375 0.0653061224489796
1 0.64875 0.3285714285714286 0.0375 0.07755102040816328
1 0.71125 0.35102040816326535 0.0525 0.0816326530612245
1 0.71875 0.2142857142857143 0.0225 0.05306122448979592
1 0.7675000000000001 0.25510204081632654 0.035 0.06938775510204082
0 0.805 0.25510204081632654 0.035 0.06122448979591837
1 0.8375 0.2469387755102041 0.02 0.04489795918367347
1 0.88 0.23673469387755103 0.04 0.0653061224489796
1 0.93625 0.25510204081632654 0.0475 0.07755102040816328