1 0.02375 0.16 0.0425 0.08
1 0.0825 0.20666666666666667 0.055 0.10222222222222223
0 0.09875 0.35777777777777775 0.0525 0.09333333333333334
1 0.04625 0.8533333333333333 0.0775 0.14222222222222222
1 0.26 0.10444444444444445 0.06 0.08444444444444445
1 0.27375 0.38222222222222224 0.0575 0.11555555555555555
2 0.16625 0.6488888888888888 0.0575 0.13333333333333333
1 0.12375 0.74 0.0725 0.13777777777777778
1 0.37625000000000003 0.9111111111111111 0.0675 0.13333333333333333
1 0.48625 0.10444444444444445 0.0675 0.10222222222222223
1 0.49875 0.29555555555555557 0.0625 0.1111111111111111
1 0.51625 0.6933333333333334 0.0575 0.09777777777777778
1 0.5675 0.7888888888888889 0.075 0.1288888888888889
1 0.66 0.10222222222222223 0.06 0.09777777777777778
1 0.64 0.37555555555555553 0.055 0.1111111111111111
1 0.7475 0.10222222222222223 0.07 0.12444444444444444
1 0.82375 0.03111111111111111 0.0525 0.06222222222222222
1 0.89375 0.19777777777777777 0.0675 0.10222222222222223
1 0.93 0.5666666666666667 0.075 0.1111111111111111