1 0.04125 0.9469026548672567 0.0725 0.08849557522123894
1 0.12 0.8495575221238938 0.07 0.1327433628318584
2 0.165 0.7632743362831859 0.055 0.11946902654867256
0 0.0925 0.4756637168141593 0.05 0.09292035398230089
1 0.2625 0.497787610619469 0.05 0.11061946902654868
1 0.25875 0.21902654867256638 0.0575 0.09292035398230089
1 0.0825 0.3230088495575221 0.045 0.10619469026548672
1 0.02125 0.27876106194690264 0.0325 0.08849557522123894
1 0.56125 0.9004424778761062 0.0725 0.12831858407079647
1 0.5175 0.8053097345132744 0.065 0.09734513274336283
1 0.4975 0.41150442477876104 0.06 0.10619469026548672
1 0.48125 0.21902654867256638 0.0625 0.09292035398230089
1 0.48625 0.06415929203539823 0.0575 0.0752212389380531
1 0.66 0.21902654867256638 0.055 0.11061946902654868
1 0.64 0.48451327433628316 0.055 0.10176991150442477
1 0.7475 0.2168141592920354 0.06 0.11504424778761062
1 0.82125 0.13716814159292035 0.0575 0.08849557522123894
1 0.89375 0.3163716814159292 0.0675 0.10176991150442477
1 0.9325 0.6792035398230089 0.065 0.10176991150442477