1 0.02125 0.48876404494382025 0.0425 0.07865168539325842
1 0.08750000000000001 0.45131086142322097 0.045 0.07116104868913858
1 0.19125 0.45131086142322097 0.0475 0.07116104868913858
1 0.28625 0.4250936329588015 0.0425 0.06367041198501873
1 0.34750000000000003 0.44569288389513106 0.045 0.08239700374531836
1 0.4825 0.46441947565543074 0.045 0.0749063670411985
1 0.50375 0.4250936329588015 0.0275 0.08614232209737828
1 0.6125 0.4363295880149813 0.025 0.04868913857677903
1 0.69125 0.32771535580524347 0.0525 0.09363295880149813
1 0.87 0.352059925093633 0.06 0.0898876404494382
1 0.9912500000000001 0.3764044943820225 0.0175 0.07116104868913858
1 0.92625 0.37265917602996257 0.0475 0.07865168539325842
0 0.6375000000000001 0.44382022471910115 0.035 0.07116104868913858
0 0.40375 0.4906367041198502 0.0425 0.0749063670411985
0 0.25875 0.4681647940074906 0.0475 0.08239700374531836