1 0.08 0.24344569288389514 0.035 0.0599250936329588
1 0.17 0.24906367041198502 0.04 0.07116104868913858
0 0.22125 0.19662921348314608 0.0275 0.04119850187265918
0 0.2525 0.15543071161048688 0.04 0.056179775280898875
0 0.3525 0.19288389513108614 0.045 0.06367041198501873
1 0.50125 0.2340823970037453 0.0525 0.09363295880149813
2 0.5337500000000001 0.17790262172284643 0.0225 0.056179775280898875
0 0.5962500000000001 0.1760299625468165 0.0425 0.06741573033707865
2 0.6575 0.16479400749063672 0.045 0.06741573033707865
1 0.82125 0.1441947565543071 0.0575 0.10112359550561797
1 0.74875 0.12359550561797752 0.0275 0.0449438202247191
1 0.7175 0.19288389513108614 0.025 0.04119850187265918
0 0.0575 0.16479400749063672 0.03 0.052434456928838954