1 0.5425 0.5823970037453183 0.1 0.15355805243445694
1 0.03 0.44382022471910115 0.02 0.033707865168539325
1 0.12625 0.47752808988764045 0.0075 0.033707865168539325
1 0.23750000000000002 0.4681647940074906 0.015 0.0299625468164794
1 0.27 0.45692883895131087 0.02 0.0299625468164794
1 0.375 0.4756554307116105 0.015 0.03745318352059925
0 0.34625 0.44569288389513106 0.0225 0.03745318352059925
1 0.43125 0.449438202247191 0.0175 0.03745318352059925
1 0.4925 0.4550561797752809 0.02 0.04119850187265918
1 0.6525 0.46441947565543074 0.015 0.03745318352059925
1 0.6950000000000001 0.449438202247191 0.01 0.0299625468164794
1 0.73625 0.4756554307116105 0.0125 0.0299625468164794
1 0.87125 0.3333333333333333 0.0175 0.02247191011235955
1 0.9375 0.4550561797752809 0.01 0.026217228464419477
0 0.88625 0.45131086142322097 0.0175 0.033707865168539325
1 0.88875 0.3951310861423221 0.0175 0.026217228464419477