1 0.2 0.28860294117647056 0.045 0.0625
1 0.3175 0.2867647058823529 0.045 0.0661764705882353
1 0.4325 0.3125 0.055 0.07352941176470588
1 0.1 0.2757352941176471 0.025 0.044117647058823525
1 0.3125 0.22242647058823528 0.03 0.04779411764705882
1 0.2425 0.23161764705882354 0.02 0.03676470588235294
1 0.4025 0.25735294117647056 0.045 0.07352941176470588
1 0.8575 0.2849264705882353 0.045 0.0625
1 0.70125 0.24080882352941177 0.0425 0.0625
1 0.59875 0.25183823529411764 0.0425 0.0625
0 0.76 0.26286764705882354 0.035 0.08455882352941177
1 0.89625 0.22058823529411764 0.0275 0.051470588235294115
1 0.10125 0.3272058823529412 0.0175 0.058823529411764705