1 0.0425 0.31647940074906367 0.06 0.08614232209737828
1 0.05 0.46254681647940077 0.065 0.08614232209737828
1 0.155 0.37265917602996257 0.085 0.15355805243445694
1 0.2475 0.39325842696629215 0.05 0.08239700374531836
1 0.50625 0.1797752808988764 0.0725 0.1198501872659176
1 0.8250000000000001 0.32397003745318353 0.105 0.16853932584269662
1 0.9087500000000001 0.449438202247191 0.0475 0.08239700374531836
1 0.70375 0.44756554307116103 0.0525 0.06367041198501873
1 0.76 0.43258426966292135 0.035 0.056179775280898875
1 0.2525 0.301498127340824 0.05 0.07116104868913858
1 0.92875 0.36891385767790263 0.0375 0.056179775280898875
1 0.9450000000000001 0.47752808988764045 0.03 0.06367041198501873
1 0.55625 0.250936329588015 0.0325 0.0898876404494382