1 0.38375000000000004 0.46444444444444444 0.0575 0.12
1 0.38125000000000003 0.2577777777777778 0.0775 0.07111111111111111
1 0.645 0.6733333333333333 0.06 0.15555555555555556
1 0.5775 0.5288888888888889 0.04 0.13333333333333333
1 0.6950000000000001 0.26 0.025 0.04888888888888889
2 0.26375 0.24 0.0325 0.05333333333333333
0 0.0825 0.23555555555555555 0.02 0.035555555555555556
0 0.5075000000000001 0.21555555555555556 0.025 0.057777777777777775
0 0.7525000000000001 0.19777777777777777 0.02 0.057777777777777775
0 0.57625 0.39555555555555555 0.0375 0.06222222222222222
1 0.89125 0.34 0.0275 0.04
0 0.93375 0.3688888888888889 0.0375 0.07111111111111111
0 0.93875 0.4911111111111111 0.0275 0.10222222222222223
0 0.965 0.36 0.03 0.05333333333333333