1 0.19375 0.44469026548672563 0.0775 0.14601769911504425
0 0.39 0.6106194690265486 0.14 0.2920353982300885
1 0.09 0.3384955752212389 0.06 0.11946902654867256
2 0.165 0.1747787610619469 0.045 0.10176991150442477
0 0.22 0.3274336283185841 0.055 0.08849557522123894
1 0.28125 0.25663716814159293 0.0525 0.07964601769911504
1 0.34750000000000003 0.23672566371681417 0.06 0.08407079646017698
1 0.425 0.2831858407079646 0.05 0.07964601769911504
1 0.47125 0.35398230088495575 0.0575 0.10619469026548672
1 0.54625 0.36504424778761063 0.0675 0.08407079646017698
0 0.4625 0.16814159292035397 0.035 0.07079646017699115
1 0.37875000000000003 0.09513274336283185 0.0225 0.03982300884955752
1 0.465 0.07964601769911504 0.025 0.04424778761061947
1 0.67375 0.45353982300884954 0.0925 0.15486725663716813
1 0.12875 0.2013274336283186 0.0375 0.08407079646017698
1 0.265 0.17920353982300885 0.045 0.0663716814159292
1 0.5750000000000001 0.05530973451327434 0.015 0.030973451327433628
1 0.79625 0.8982300884955752 0.0675 0.18584070796460178
1 0.83875 0.5376106194690266 0.08750000000000001 0.17256637168141592
1 0.82375 0.2853982300884956 0.0675 0.10176991150442477
1 0.81625 0.4225663716814159 0.0375 0.09292035398230089
1 0.77625 0.20575221238938052 0.0425 0.10176991150442477
1 0.86875 0.17035398230088494 0.0325 0.0663716814159292