0 0.1075 0.08614232209737828 0.04 0.06741573033707865
0 0.17625 0.21348314606741572 0.0475 0.06741573033707865
0 0.16625 0.37265917602996257 0.0525 0.07865168539325842
1 0.135 0.548689138576779 0.05 0.07116104868913858
0 0.47125 0.149812734082397 0.0425 0.06741573033707865
1 0.4275 0.30337078651685395 0.05 0.06741573033707865
1 0.46875 0.40074906367041196 0.0475 0.06741573033707865
1 0.44375000000000003 0.5749063670411985 0.0525 0.07865168539325842
1 0.74 0.06179775280898876 0.045 0.06367041198501873
1 0.8200000000000001 0.16292134831460675 0.05 0.06367041198501873
0 0.80625 0.2883895131086142 0.0425 0.052434456928838954
0 0.7025 0.4250936329588015 0.045 0.07116104868913858
1 0.7925 0.6235955056179775 0.05 0.04119850187265918