1 0.06625 0.5955056179775281 0.0325 0.0599250936329588
1 0.15375 0.5393258426966292 0.0175 0.03745318352059925
1 0.1925 0.6235955056179775 0.035 0.04868913857677903
1 0.3025 0.5056179775280899 0.05 0.0898876404494382
1 0.42875 0.5955056179775281 0.0375 0.08239700374531836
1 0.58375 0.5561797752808989 0.0325 0.056179775280898875
1 0.61625 0.5355805243445693 0.0175 0.0299625468164794
0 0.655 0.5374531835205992 0.015 0.026217228464419477
1 0.7375 0.5936329588014981 0.035 0.04868913857677903
2 0.885 0.5299625468164794 0.045 0.07865168539325842
1 0.7725 0.5280898876404494 0.015 0.02247191011235955