1 0.03 0.23741007194244607 0.055 0.07913669064748202
1 0.08625000000000001 0.2751798561151079 0.0325 0.053956834532374105
1 0.24 0.2248201438848921 0.035 0.06115107913669065
1 0.305 0.22661870503597123 0.05 0.08633093525179857
1 0.34375 0.23741007194244607 0.0275 0.05035971223021583
1 0.39375 0.2751798561151079 0.0375 0.053956834532374105
1 0.46625 0.2733812949640288 0.0375 0.05035971223021583
1 0.56625 0.3129496402877698 0.0525 0.07194244604316546
1 0.615 0.21582733812949642 0.045 0.06474820143884892
1 0.71375 0.2356115107913669 0.0325 0.053956834532374105
1 0.75125 0.23201438848920863 0.0425 0.0683453237410072
1 0.82875 0.32553956834532377 0.0475 0.0683453237410072
1 0.90375 0.26618705035971224 0.0425 0.07913669064748202
1 0.4225 0.2589928057553957 0.02 0.03597122302158273