1 0.0825 0.3146067415730337 0.045 0.0749063670411985
1 0.14625 0.2808988764044944 0.0375 0.0599250936329588
1 0.1975 0.24906367041198502 0.03 0.04868913857677903
1 0.26625 0.32397003745318353 0.0475 0.07116104868913858
1 0.41875 0.31273408239700373 0.0475 0.07116104868913858
1 0.50625 0.2453183520599251 0.0825 0.1310861423220974
1 0.60375 0.23782771535580524 0.0425 0.08614232209737828
1 0.6950000000000001 0.32209737827715357 0.03 0.0449438202247191
1 0.76125 0.27715355805243447 0.0425 0.0749063670411985
1 0.8525 0.32958801498127344 0.035 0.0599250936329588
1 0.9375 0.301498127340824 0.035 0.06367041198501873
1 0.97 0.2902621722846442 0.02 0.04868913857677903
1 0.27875 0.23595505617977527 0.0275 0.03745318352059925