1 0.0525 0.021978021978021976 0.055 0.04395604395604395
1 0.32375 0.06043956043956044 0.0525 0.07692307692307693
1 0.25625 0.17032967032967034 0.0525 0.08424908424908426
0 0.4225 0.0641025641025641 0.045 0.0695970695970696
1 0.34500000000000003 0.18681318681318682 0.065 0.10989010989010989
1 0.0625 0.6959706959706959 0.12 0.3076923076923077
0 0.59 0.20695970695970695 0.035 0.0695970695970696
0 0.55125 0.2619047619047619 0.0575 0.08424908424908426
1 0.49375 0.4175824175824176 0.0725 0.11721611721611722
1 0.6875 0.13736263736263737 0.055 0.0989010989010989
1 0.8275 0.19597069597069597 0.045 0.08424908424908426
1 0.77875 0.47619047619047616 0.0725 0.10256410256410256
1 0.93375 0.3516483516483516 0.0575 0.08058608058608059