1 0.0525 0.1288888888888889 0.07 0.13333333333333333
1 0.17125 0.14888888888888888 0.0825 0.13777777777777778
1 0.18875 0.41333333333333333 0.08750000000000001 0.1511111111111111
1 0.10375000000000001 0.7533333333333333 0.0775 0.13777777777777778
1 0.315 0.46 0.085 0.16444444444444445
1 0.29625 0.8111111111111111 0.0775 0.12
1 0.51625 0.6133333333333333 0.08750000000000001 0.17777777777777778
1 0.53 0.9 0.08 0.16444444444444445
1 0.59875 0.5666666666666667 0.0775 0.14666666666666667
1 0.73375 0.7755555555555556 0.0775 0.16444444444444445
1 0.845 0.31777777777777777 0.08 0.15555555555555556
1 0.96875 0.18 0.0575 0.12
1 0.965 0.4222222222222222 0.065 0.1511111111111111
1 0.83625 0.6222222222222222 0.0775 0.16
1 0.94375 0.7088888888888889 0.0925 0.16444444444444445
1 0.81375 0.92 0.08750000000000001 0.1511111111111111