1 0.055 0.22284644194756553 0.07 0.08614232209737828
1 0.1875 0.20599250936329588 0.065 0.09737827715355805
1 0.3125 0.20037453183520598 0.07 0.10112359550561797
1 0.40375 0.23595505617977527 0.0625 0.06741573033707865
1 0.45625 0.24157303370786518 0.0625 0.10112359550561797
1 0.70375 0.21722846441947566 0.0625 0.14232209737827717
1 0.84375 0.28277153558052437 0.0725 0.1310861423220974
1 0.89375 0.548689138576779 0.0775 0.14606741573033707
1 0.80625 0.6329588014981273 0.0825 0.11235955056179775
1 0.60875 0.6104868913857678 0.0725 0.1198501872659176
1 0.52125 0.50187265917603 0.0675 0.14232209737827717
1 0.34750000000000003 0.5917602996254682 0.09 0.11235955056179775
1 0.13875 0.50187265917603 0.0725 0.12734082397003746