0 0.135 0.43805309734513276 0.065 0.10619469026548672
0 0.14125000000000001 0.29867256637168144 0.0575 0.08407079646017698
1 0.215 0.27876106194690264 0.05 0.07079646017699115
0 0.27375 0.3407079646017699 0.0475 0.07964601769911504
1 0.305 0.26327433628318586 0.045 0.08407079646017698
0 0.23375 0.19469026548672566 0.0525 0.09734513274336283
1 0.1275 0.6216814159292036 0.05 0.14601769911504425
0 0.1925 0.6792035398230089 0.075 0.14601769911504425
0 0.2625 0.7898230088495575 0.075 0.15486725663716813
1 0.36875 0.8672566371681416 0.0975 0.18584070796460178
1 0.37 0.5110619469026548 0.065 0.12831858407079647
1 0.36875 0.34513274336283184 0.0625 0.08849557522123894
0 0.36625 0.1747787610619469 0.0375 0.0663716814159292
1 0.46125 0.18584070796460178 0.0425 0.09734513274336283
1 0.4425 0.2411504424778761 0.03 0.08407079646017698
1 0.50875 0.1836283185840708 0.0425 0.08407079646017698
0 0.5700000000000001 0.1327433628318584 0.04 0.07964601769911504
0 0.61875 0.20575221238938052 0.0625 0.11061946902654868
1 0.4625 0.4469026548672566 0.055 0.10619469026548672
1 0.455 0.6216814159292036 0.065 0.10176991150442477
1 0.56125 0.5066371681415929 0.0625 0.12831858407079647
0 0.48125 0.7964601769911505 0.0425 0.10619469026548672
0 0.43125 0.834070796460177 0.0425 0.15486725663716813
1 0.615 0.9004424778761062 0.09 0.16371681415929204
1 0.6425 0.5575221238938053 0.07 0.12389380530973451
1 0.70125 0.7831858407079646 0.0525 0.1504424778761062
1 0.6775 0.40486725663716816 0.05 0.09292035398230089
1 0.75625 0.5243362831858407 0.0575 0.11061946902654868
0 0.6775 0.11946902654867256 0.05 0.08849557522123894
0 0.675 0.23893805309734512 0.04 0.061946902654867256
0 0.725 0.14823008849557523 0.045 0.0752212389380531
1 0.8175 0.11504424778761062 0.035 0.07964601769911504
0 0.76 0.252212389380531 0.045 0.07964601769911504
1 0.8375 0.504424778761062 0.07 0.07964601769911504
0 0.89 0.7389380530973452 0.08 0.12389380530973451