1 0.11750000000000001 0.6123595505617978 0.07 0.08614232209737828
1 0.24625 0.5599250936329588 0.0575 0.09363295880149813
1 0.38125000000000003 0.8220973782771536 0.0725 0.10112359550561797
1 0.31125 0.5374531835205992 0.0475 0.07116104868913858
1 0.35625 0.4157303370786517 0.0425 0.06741573033707865
2 0.2675 0.3651685393258427 0.035 0.056179775280898875
1 0.16 0.43820224719101125 0.035 0.06741573033707865
1 0.14875 0.3595505617977528 0.0225 0.0449438202247191
1 0.20875 0.31835205992509363 0.0225 0.03745318352059925
1 0.47000000000000003 0.47191011235955055 0.065 0.0898876404494382
1 0.53 0.3913857677902622 0.04 0.07116104868913858
1 0.76625 0.46254681647940077 0.0825 0.10861423220973783
1 0.93125 0.5299625468164794 0.0375 0.08614232209737828
1 0.62375 0.35580524344569286 0.0225 0.06741573033707865
1 0.5575 0.25842696629213485 0.035 0.0599250936329588
1 0.4625 0.22846441947565543 0.03 0.0449438202247191
1 0.31125 0.2565543071161049 0.0225 0.04868913857677903
1 0.0925 0.33707865168539325 0.02 0.0599250936329588
1 0.0725 0.2808988764044944 0.02 0.0449438202247191
1 0.15 0.24719101123595505 0.03 0.052434456928838954
1 0.225 0.21161048689138576 0.02 0.033707865168539325