1 0.535 0.4216666666666667 0.04 0.05
1 0.78125 0.4816666666666667 0.0375 0.043333333333333335
0 0.875 0.49000000000000005 0.04 0.04666666666666667
0 0.71625 0.445 0.0375 0.043333333333333335
0 0.655 0.41000000000000003 0.035 0.04
0 0.46875 0.41500000000000004 0.0325 0.05
0 0.365 0.4066666666666667 0.04 0.04666666666666667
0 0.44125000000000003 0.39333333333333337 0.0325 0.04
2 0.19875 0.40166666666666667 0.0425 0.05
2 0.28125 0.40166666666666667 0.0325 0.05
2 0.24875 0.5566666666666668 0.0325 0.04666666666666667
2 0.615 0.42833333333333334 0.04 0.05
1 0.07 0.43833333333333335 0.02 0.030000000000000002
0 0.84125 0.4566666666666667 0.0225 0.02666666666666667