1 0.3975 0.2511111111111111 0.07 0.1288888888888889
1 0.5387500000000001 0.3933333333333333 0.0575 0.1111111111111111
1 0.28875 0.8866666666666667 0.1325 0.21777777777777776
1 0.53625 0.9311111111111111 0.1225 0.1288888888888889
1 0.83875 0.2 0.0575 0.10666666666666666
1 0.645 0.15333333333333332 0.065 0.10222222222222223
1 0.725 0.15777777777777777 0.06 0.1288888888888889
1 0.5125 0.2511111111111111 0.065 0.1288888888888889
1 0.5275 0.04666666666666667 0.025 0.07555555555555556
1 0.40750000000000003 0.08666666666666667 0.045 0.08444444444444445
1 0.27 0.03111111111111111 0.03 0.06222222222222222
1 0.1575 0.08666666666666667 0.045 0.07555555555555556
1 0.05 0.12222222222222222 0.05 0.06666666666666667
1 0.20500000000000002 0.05333333333333333 0.03 0.06222222222222222
1 0.7875 0.04 0.04 0.08
0 0.22875 0.12 0.0375 0.08