1 0.1275 0.046762589928057555 0.015 0.02158273381294964
1 0.08750000000000001 0.19784172661870505 0.02 0.02877697841726619
0 0.13875 0.28776978417266186 0.0225 0.03597122302158273
1 0.12875 0.36870503597122306 0.0275 0.03956834532374101
1 0.17625 0.37589928057553956 0.0175 0.03956834532374101
1 0.015 0.4802158273381295 0.025 0.03956834532374101
1 0.07 0.46223021582733814 0.025 0.03237410071942446
1 0.13 0.47302158273381295 0.03 0.03956834532374101
0 0.11125 0.5701438848920863 0.0275 0.03956834532374101
1 0.07375 0.7032374100719425 0.0275 0.03237410071942446
0 0.15875 0.631294964028777 0.0225 0.03956834532374101
1 0.36125 0.01618705035971223 0.0175 0.025179856115107917
1 0.35125 0.05575539568345324 0.0225 0.03237410071942446
1 0.315 0.09172661870503597 0.015 0.025179856115107917
1 0.3 0.11870503597122303 0.015 0.02877697841726619
1 0.265 0.1474820143884892 0.02 0.02877697841726619
1 0.24375 0.23741007194244607 0.0175 0.02158273381294964
0 0.21125 0.24820143884892087 0.0175 0.02158273381294964
1 0.22125 0.2823741007194245 0.0175 0.025179856115107917
0 0.265 0.28776978417266186 0.02 0.02877697841726619
1 0.2625 0.4010791366906475 0.02 0.03237410071942446
0 0.28375 0.4496402877697842 0.0175 0.02877697841726619
2 0.28875 0.5611510791366907 0.0275 0.04316546762589928
1 0.26 0.6115107913669066 0.03 0.04316546762589928
1 0.32375 0.7769784172661871 0.0325 0.05035971223021583
1 0.24375 0.9478417266187051 0.0375 0.053956834532374105
1 0.4525 0.01618705035971223 0.01 0.017985611510791366
1 0.4175 0.05575539568345324 0.015 0.025179856115107917
1 0.39125 0.0683453237410072 0.0175 0.02158273381294964
0 0.40125 0.1169064748201439 0.0125 0.025179856115107917
1 0.43 0.10611510791366907 0.02 0.03237410071942446
1 0.32375 0.20683453237410074 0.0175 0.025179856115107917
1 0.39625 0.20503597122302158 0.0175 0.02877697841726619
0 0.34500000000000003 0.2392086330935252 0.02 0.03237410071942446
0 0.29875 0.2697841726618705 0.0175 0.02877697841726619
1 0.36625 0.2931654676258993 0.0225 0.03237410071942446
1 0.34125 0.36870503597122306 0.0225 0.025179856115107917
1 0.4525 0.32553956834532377 0.02 0.03237410071942446
1 0.42 0.3705035971223022 0.025 0.02877697841726619
1 0.355 0.460431654676259 0.02 0.03597122302158273
1 0.43125 0.43165467625899284 0.0225 0.03597122302158273
1 0.375 0.6223021582733813 0.025 0.04316546762589928
1 0.38 0.697841726618705 0.025 0.04316546762589928
1 0.40875 0.710431654676259 0.0275 0.046762589928057555
1 0.41125 0.9370503597122303 0.0375 0.053956834532374105
1 0.46125 0.7913669064748202 0.0175 0.03597122302158273
1 0.46875 0.5881294964028777 0.0275 0.03956834532374101
1 0.45375 0.5467625899280576 0.0275 0.02877697841726619
1 0.47625 0.0683453237410072 0.0125 0.02158273381294964
1 0.5437500000000001 0.03237410071942446 0.0125 0.02158273381294964
1 0.50875 0.07733812949640288 0.0125 0.01079136690647482
1 0.5387500000000001 0.10611510791366907 0.0175 0.025179856115107917
1 0.5725 0.06294964028776978 0.015 0.025179856115107917
1 0.49625 0.14028776978417268 0.0175 0.02877697841726619
1 0.5325 0.19964028776978418 0.01 0.017985611510791366
1 0.50625 0.2392086330935252 0.0225 0.025179856115107917
1 0.56 0.2985611510791367 0.02 0.02877697841726619
1 0.485 0.36330935251798563 0.02 0.03597122302158273
1 0.555 0.3489208633093525 0.02 0.02877697841726619
1 0.53625 0.37589928057553956 0.0225 0.03956834532374101
1 0.495 0.4550359712230216 0.02 0.03237410071942446
1 0.6275000000000001 0.008992805755395683 0.015 0.017985611510791366
1 0.64 0.0881294964028777 0.015 0.025179856115107917
1 0.66625 0.0683453237410072 0.0125 0.02158273381294964
1 0.6925 0.08633093525179857 0.01 0.02158273381294964
1 0.7025 0.09172661870503597 0.015 0.025179856115107917
0 0.67625 0.1366906474820144 0.0125 0.02158273381294964
1 0.735 0.10791366906474821 0.015 0.02877697841726619
0 0.7375 0.1420863309352518 0.015 0.025179856115107917
1 0.70875 0.20323741007194246 0.0175 0.025179856115107917
0 0.64375 0.16906474820143885 0.0175 0.02158273381294964
2 0.6225 0.18705035971223022 0.02 0.02877697841726619
1 0.635 0.2967625899280576 0.02 0.025179856115107917
1 0.60375 0.39388489208633093 0.0225 0.03237410071942446
1 0.67 0.38489208633093525 0.02 0.02877697841726619
1 0.5962500000000001 0.5233812949640289 0.0275 0.03237410071942446
1 0.60375 0.7607913669064749 0.0325 0.046762589928057555
1 0.5475 0.8705035971223022 0.035 0.05035971223021583
1 0.64625 0.8291366906474821 0.0325 0.046762589928057555
1 0.76625 0.01079136690647482 0.0175 0.02158273381294964
1 0.8200000000000001 0.07553956834532374 0.015 0.02877697841726619
0 0.83875 0.08992805755395684 0.0125 0.02158273381294964
1 0.82125 0.1420863309352518 0.0125 0.025179856115107917
1 0.82625 0.170863309352518 0.0175 0.025179856115107917
1 0.775 0.2392086330935252 0.02 0.03237410071942446
1 0.81875 0.3057553956834533 0.0175 0.02877697841726619
1 0.69625 0.4244604316546763 0.0225 0.03597122302158273
1 0.7312500000000001 0.4010791366906475 0.0225 0.03237410071942446
1 0.7175 0.46223021582733814 0.025 0.03237410071942446
1 0.7262500000000001 0.5377697841726619 0.0225 0.03956834532374101
1 0.69875 0.5539568345323741 0.0275 0.04316546762589928
1 0.7575000000000001 0.9154676258992807 0.035 0.053956834532374105
1 0.9025 0.9766187050359713 0.04 0.03956834532374101
1 0.96625 0.9820143884892086 0.0375 0.02877697841726619
1 0.9087500000000001 0.8057553956834533 0.0325 0.04316546762589928
1 0.94125 0.7841726618705036 0.0275 0.05035971223021583
1 0.94375 0.60431654676259 0.0275 0.04316546762589928
1 0.94375 0.5341726618705036 0.0275 0.03956834532374101
1 0.995 0.4892086330935252 0.01 0.03597122302158273
1 0.8975 0.47661870503597126 0.02 0.017985611510791366
1 0.9137500000000001 0.4352517985611511 0.0225 0.03597122302158273
1 0.88125 0.37410071942446044 0.0225 0.03597122302158273
1 0.925 0.32014388489208634 0.02 0.03597122302158273
1 0.87125 0.32194244604316546 0.0225 0.03237410071942446
1 0.8512500000000001 0.2823741007194245 0.0175 0.03237410071942446
1 0.9087500000000001 0.2733812949640288 0.0125 0.02158273381294964
1 0.855 0.22302158273381295 0.02 0.02877697841726619
1 0.87 0.16726618705035973 0.015 0.025179856115107917
1 0.96125 0.18165467625899281 0.0125 0.025179856115107917
1 0.9825 0.10611510791366907 0.015 0.025179856115107917
1 0.895 0.07194244604316546 0.015 0.02158273381294964
1 0.86875 0.04136690647482014 0.0125 0.025179856115107917
1 0.93 0.052158273381294966 0.015 0.017985611510791366
0 0.9575 0.02877697841726619 0.01 0.02158273381294964
0 0.99375 0.07014388489208634 0.0125 0.017985611510791366