1 0.71375 0.3764044943820225 0.0675 0.10861423220973783
1 0.885 0.27340823970037453 0.055 0.10486891385767791
1 0.64375 0.24344569288389514 0.0625 0.1198501872659176
1 0.39125 0.42696629213483145 0.0575 0.08239700374531836
1 0.43125 0.3389513108614232 0.0525 0.08614232209737828
1 0.04 0.36891385767790263 0.08 0.22846441947565543
1 0.33 0.352059925093633 0.045 0.06741573033707865
1 0.26875 0.32209737827715357 0.0525 0.06741573033707865
1 0.09375 0.31647940074906367 0.0375 0.056179775280898875
1 0.1975 0.31273408239700373 0.04 0.04868913857677903
1 0.1525 0.28464419475655434 0.02 0.03745318352059925
1 0.51125 0.2808988764044944 0.0275 0.0449438202247191