1 0.0825 0.2612244897959184 0.045 0.08979591836734695
1 0.165 0.3122448979591837 0.045 0.08571428571428572
1 0.3525 0.2959183673469388 0.05 0.09387755102040818
1 0.3 0.2326530612244898 0.03 0.05714285714285715
1 0.36875 0.2306122448979592 0.0275 0.04489795918367347
1 0.405 0.27755102040816326 0.045 0.0653061224489796
1 0.43125 0.2489795918367347 0.0175 0.05714285714285715
1 0.45375 0.4714285714285715 0.0475 0.08571428571428572
1 0.47750000000000004 0.2693877551020408 0.03 0.05714285714285715
1 0.525 0.2653061224489796 0.03 0.0653061224489796
1 0.55875 0.2755102040816327 0.0425 0.07755102040816328
1 0.6125 0.3020408163265306 0.04 0.07346938775510205
1 0.65125 0.3306122448979592 0.0475 0.08979591836734695
1 0.7125 0.35102040816326535 0.055 0.0979591836734694
1 0.7175 0.21020408163265308 0.03 0.06938775510204082
1 0.76625 0.2571428571428572 0.0425 0.07346938775510205
0 0.8075 0.2571428571428572 0.04 0.05714285714285715
1 0.88125 0.23469387755102042 0.0425 0.06938775510204082
1 0.93625 0.25306122448979596 0.0475 0.0816326530612245
1 0.83875 0.2510204081632653 0.0225 0.04489795918367347