1 0.0325 0.17535545023696683 0.025 0.06635071090047394
1 0.0825 0.1090047393364929 0.025 0.05687203791469195
1 0.11625 0.20379146919431282 0.0275 0.05687203791469195
1 0.2025 0.18246445497630334 0.035 0.07109004739336494
1 0.26625 0.2132701421800948 0.0525 0.08530805687203792
1 0.31 0.11848341232227488 0.03 0.07582938388625593
1 0.365 0.11848341232227488 0.025 0.05687203791469195
1 0.5225 0.2061611374407583 0.04 0.09004739336492892
1 0.6012500000000001 0.17535545023696683 0.0375 0.09478672985781991
1 0.715 0.17535545023696683 0.055 0.1137440758293839
1 0.80375 0.19194312796208532 0.0475 0.0995260663507109
1 0.89375 0.15639810426540285 0.0375 0.06635071090047394
0 0.9075 0.4549763033175356 0.03 0.07582938388625593