2 0.1225 0.5318352059925093 0.135 0.21722846441947566
1 0.43125 0.6853932584269663 0.1325 0.20224719101123595
1 0.53625 0.7921348314606742 0.0725 0.16104868913857678
1 0.6675 0.8183520599250936 0.125 0.20599250936329588
1 0.81625 0.7565543071161048 0.0925 0.15730337078651685
1 0.65375 0.4606741573033708 0.0675 0.1198501872659176
1 0.72 0.4213483146067416 0.07 0.10861423220973783
1 0.50875 0.3764044943820225 0.0475 0.08614232209737828
1 0.56125 0.32397003745318353 0.0575 0.08614232209737828
1 0.5962500000000001 0.2153558052434457 0.0375 0.06367041198501873
1 0.68125 0.1947565543071161 0.0375 0.0599250936329588
1 0.5337500000000001 0.20224719101123595 0.0375 0.0599250936329588
1 0.58 0.15355805243445694 0.03 0.0449438202247191
1 0.6475 0.14232209737827717 0.035 0.0449438202247191
1 0.74 0.1310861423220974 0.035 0.03745318352059925
1 0.915 0.1310861423220974 0.025 0.0299625468164794