0 0.04625 0.03666666666666667 0.0575 0.07333333333333333
1 0.0475 0.3466666666666667 0.055 0.09333333333333334
1 0.2425 0.26333333333333336 0.06 0.08
1 0.28125 0.065 0.0625 0.09000000000000001
0 0.06 0.47000000000000003 0.05 0.08666666666666667
1 0.02125 0.8783333333333334 0.0425 0.13
1 0.095 0.7816666666666667 0.07 0.11666666666666667
2 0.14250000000000002 0.7116666666666667 0.055 0.11
1 0.2475 0.4866666666666667 0.055 0.09333333333333334
1 0.49125 0.135 0.0625 0.07666666666666667
1 0.48375 0.26666666666666666 0.0675 0.09333333333333334
1 0.50125 0.42000000000000004 0.0625 0.09333333333333334
1 0.365 0.9216666666666667 0.07 0.11
1 0.52125 0.7466666666666667 0.0725 0.09333333333333334
1 0.5750000000000001 0.8216666666666668 0.075 0.11
1 0.66 0.48333333333333334 0.055 0.08666666666666667
1 0.68125 0.26166666666666666 0.0625 0.09000000000000001
1 0.775 0.2566666666666667 0.06 0.1
1 0.855 0.08 0.045 0.07333333333333333
1 0.93625 0.3383333333333334 0.0675 0.08333333333333334
1 0.96625 0.6366666666666667 0.0625 0.08666666666666667