1 0.845 0.16479400749063672 0.055 0.0898876404494382
2 0.935 0.299625468164794 0.045 0.08239700374531836
1 0.64375 0.19662921348314608 0.0475 0.07116104868913858
1 0.71 0.29213483146067415 0.035 0.0599250936329588
1 0.09125 0.20973782771535582 0.0425 0.0749063670411985
2 0.11750000000000001 0.27902621722846443 0.055 0.09363295880149813
2 0.47750000000000004 0.19662921348314608 0.065 0.10112359550561797
0 0.195 0.29213483146067415 0.055 0.0898876404494382
0 0.02125 0.20037453183520598 0.0425 0.06367041198501873
0 0.3625 0.2453183520599251 0.045 0.07116104868913858
0 0.6025 0.21722846441947566 0.035 0.0599250936329588
0 0.7262500000000001 0.15355805243445694 0.0475 0.06741573033707865
0 0.23750000000000002 0.2303370786516854 0.035 0.06367041198501873