1 0.045 0.2650602409638554 0.05 0.09638554216867469
1 0.1075 0.24497991967871482 0.06 0.09638554216867469
1 0.275 0.1465863453815261 0.045 0.09236947791164658
1 0.23750000000000002 0.34136546184738953 0.045 0.10441767068273092
1 0.315 0.2991967871485943 0.05 0.1004016064257028
1 0.39625 0.3092369477911646 0.0575 0.10441767068273092
1 0.44625000000000004 0.23092369477911645 0.0575 0.09236947791164658
1 0.51125 0.2831325301204819 0.0575 0.1004016064257028
1 0.5700000000000001 0.24899598393574296 0.06 0.10441767068273092
1 0.6925 0.2771084337349397 0.05 0.08835341365461846
1 0.74625 0.285140562248996 0.0425 0.10441767068273092
1 0.8375 0.24899598393574296 0.065 0.11244979919678713
1 0.9425 0.2369477911646586 0.06 0.10441767068273092
1 0.34125 0.1967871485943775 0.0525 0.08835341365461846
1 0.98875 0.38152610441767065 0.0225 0.08032128514056225