1 0.35875 0.3333333333333333 0.0625 0.18666666666666668
1 0.075 0.37777777777777777 0.08 0.16
1 0.1675 0.2777777777777778 0.065 0.14666666666666667
1 0.38875 0.4911111111111111 0.0625 0.14666666666666667
1 0.44125000000000003 0.35333333333333333 0.0575 0.1288888888888889
1 0.6 0.2822222222222222 0.095 0.15555555555555556
1 0.23875000000000002 0.32 0.0375 0.11555555555555555
2 0.64 0.4866666666666667 0.1 0.21777777777777776
0 0.76 0.42666666666666664 0.07 0.16
0 0.95125 0.33555555555555555 0.0525 0.12
0 0.9812500000000001 0.33111111111111113 0.0325 0.14666666666666667