1 0.11875000000000001 0.6104868913857678 0.0725 0.08239700374531836
1 0.245 0.5599250936329588 0.06 0.07865168539325842
1 0.31125 0.5318352059925093 0.0475 0.0749063670411985
1 0.38 0.8220973782771536 0.075 0.10112359550561797
1 0.47250000000000003 0.4700374531835206 0.065 0.08614232209737828
1 0.7675000000000001 0.4606741573033708 0.08 0.10486891385767791
1 0.9325 0.5318352059925093 0.04 0.0749063670411985
1 0.52875 0.3895131086142322 0.0375 0.0749063670411985
1 0.6225 0.3539325842696629 0.025 0.06367041198501873
1 0.56 0.2602996254681648 0.035 0.056179775280898875
1 0.46125 0.22846441947565543 0.0275 0.0449438202247191
1 0.16 0.4419475655430712 0.035 0.06741573033707865
2 0.26875 0.36704119850187267 0.0375 0.0449438202247191
1 0.1475 0.36142322097378277 0.025 0.04119850187265918
1 0.35375 0.41760299625468167 0.0425 0.056179775280898875
1 0.31125 0.25842696629213485 0.0225 0.0449438202247191
1 0.15 0.250936329588015 0.025 0.0449438202247191
1 0.20750000000000002 0.31835205992509363 0.025 0.03745318352059925
1 0.09375 0.3408239700374532 0.0225 0.03745318352059925
1 0.075 0.2808988764044944 0.02 0.0299625468164794
1 0.2225 0.21348314606741572 0.02 0.0299625468164794