1 0.38625 0.6050000000000001 0.1625 0.23
1 0.07 0.8733333333333334 0.14 0.21333333333333335
1 0.09375 0.3016666666666667 0.11750000000000001 0.16333333333333333
1 0.33875 0.31333333333333335 0.1125 0.14
1 0.6587500000000001 0.35500000000000004 0.14250000000000002 0.18333333333333335
1 0.5275 0.17666666666666667 0.105 0.16
1 0.7425 0.1 0.095 0.14
1 0.025 0.33166666666666667 0.05 0.11
1 0.87 0.115 0.095 0.11666666666666667
1 0.64625 0.09666666666666668 0.0675 0.11333333333333334
0 0.44 0.195 0.07 0.10333333333333335
0 0.9125 0.28 0.135 0.17333333333333334