1 0.08875 0.299625468164794 0.0575 0.0898876404494382
2 0.24125 0.35767790262172283 0.0475 0.07116104868913858
1 0.34375 0.26779026217228463 0.0525 0.08614232209737828
1 0.36625 0.6816479400749064 0.10250000000000001 0.1947565543071161
1 0.40750000000000003 0.4737827715355805 0.085 0.1310861423220974
1 0.5325 0.2546816479400749 0.03 0.0599250936329588
1 0.615 0.43258426966292135 0.09 0.15355805243445694
2 0.6725 0.20411985018726592 0.035 0.07116104868913858
1 0.6950000000000001 0.30337078651685395 0.045 0.0749063670411985
1 0.77125 0.44756554307116103 0.0575 0.09363295880149813
1 0.7925 0.27902621722846443 0.05 0.07865168539325842
1 0.89125 0.5243445692883896 0.11750000000000001 0.16479400749063672
1 0.92875 0.20973782771535582 0.0375 0.0599250936329588
1 0.8725 0.21348314606741572 0.04 0.06741573033707865
1 0.0275 0.6086142322097379 0.055 0.11610486891385768