1 0.0625 0.7126865671641791 0.045 0.07462686567164178
1 0.05 0.40111940298507465 0.02 0.055970149253731345
1 0.13375 0.38992537313432835 0.0325 0.055970149253731345
0 0.0525 0.5018656716417911 0.025 0.06343283582089553
0 0.02125 0.5279850746268656 0.0225 0.0708955223880597
1 0.29875 0.2593283582089552 0.0575 0.08582089552238806
1 0.37375 0.27425373134328357 0.0525 0.07835820895522388
1 0.48625 0.2966417910447761 0.0575 0.09328358208955223
1 0.64125 0.30970149253731344 0.0475 0.08208955223880597
1 0.75375 0.28544776119402987 0.0575 0.09328358208955223
1 0.9725 0.3805970149253731 0.035 0.05223880597014925
0 0.97375 0.5 0.0375 0.07462686567164178