1 0.0825 0.31333333333333335 0.05 0.10222222222222223
1 0.165 0.37333333333333335 0.045 0.08888888888888889
1 0.35000000000000003 0.3488888888888889 0.055 0.1111111111111111
1 0.40375 0.3244444444444444 0.0425 0.08
1 0.45125 0.56 0.0525 0.09777777777777778
1 0.525 0.3111111111111111 0.03 0.08
1 0.56 0.32222222222222224 0.045 0.09333333333333334
1 0.61125 0.35555555555555557 0.0425 0.08
1 0.64875 0.39111111111111113 0.0425 0.08888888888888889
1 0.71125 0.41333333333333333 0.0575 0.10666666666666666
1 0.765 0.3 0.035 0.07555555555555556
0 0.80625 0.3 0.0375 0.06666666666666667
1 0.88125 0.28 0.0425 0.08888888888888889
1 0.9375 0.3022222222222222 0.05 0.09777777777777778
1 0.2975 0.2777777777777778 0.035 0.07555555555555556
1 0.47500000000000003 0.32222222222222224 0.035 0.06666666666666667
1 0.36625 0.2777777777777778 0.0375 0.06666666666666667
1 0.8375 0.29777777777777775 0.025 0.05333333333333333