1 0.26625 0.23555555555555555 0.0425 0.08888888888888889
1 0.4 0.2222222222222222 0.05 0.08888888888888889
1 0.7875 0.13555555555555557 0.05 0.09333333333333334
1 0.88625 0.1511111111111111 0.0075 0.026666666666666665
0 0.6875 0.14444444444444443 0.005 0.013333333333333332
1 0.60875 0.15333333333333332 0.0075 0.013333333333333332
1 0.51625 0.1688888888888889 0.0025 0.008888888888888889
1 0.54 0.16444444444444445 0.005 0.008888888888888889
1 0.5425 0.1622222222222222 0.005 0.013333333333333332
1 0.56375 0.15555555555555556 0.0025 0.008888888888888889
1 0.57375 0.16 0.0025 0.008888888888888889