1 0.18625 0.2937956204379562 0.0525 0.07664233576642336
1 0.40125 0.2664233576642336 0.0675 0.10218978102189781
1 0.57125 0.26277372262773724 0.0575 0.08759124087591241
0 0.75 0.26277372262773724 0.055 0.072992700729927
0 0.94875 0.2864963503649635 0.0525 0.06934306569343066
0 0.96375 0.08394160583941605 0.0325 0.043795620437956206
0 0.63375 0.03832116788321168 0.0175 0.040145985401459854
0 0.57125 0.051094890510948905 0.0125 0.029197080291970802
0 0.81625 0.12226277372262773 0.0125 0.025547445255474453
0 0.7425 0.12043795620437955 0.015 0.021897810218978103
0 0.705 0.11313868613138686 0.015 0.021897810218978103
1 0.43625 0.09854014598540145 0.0175 0.029197080291970802
0 0.3675 0.11678832116788321 0.015 0.021897810218978103
0 0.2125 0.09671532846715328 0.015 0.025547445255474453
0 0.15125 0.10036496350364964 0.0175 0.032846715328467155
0 0.0675 0.09306569343065693 0.015 0.032846715328467155
0 0.0125 0.08941605839416059 0.02 0.025547445255474453