0 0.13625 0.1711111111111111 0.0675 0.1111111111111111
0 0.3425 0.051111111111111114 0.03 0.06666666666666667
0 0.4925 0.07111111111111111 0.035 0.07111111111111111
1 0.5337500000000001 0.11333333333333333 0.0525 0.1111111111111111
0 0.3825 0.19333333333333333 0.06 0.09333333333333334
1 0.36125 0.3488888888888889 0.0775 0.14666666666666667
0 0.19875 0.36444444444444446 0.0625 0.07111111111111111
2 0.12125 0.7977777777777778 0.0675 0.12
2 0.3075 0.47555555555555556 0.075 0.1511111111111111
2 0.47500000000000003 0.43555555555555553 0.11 0.19555555555555557
0 0.62625 0.21777777777777776 0.0425 0.08
1 0.67 0.25333333333333335 0.065 0.12444444444444444
1 0.8625 0.2644444444444444 0.095 0.17333333333333334
1 0.71375 0.6933333333333334 0.11750000000000001 0.2222222222222222