1 0.0275 0.2727272727272727 0.04 0.07655502392344497
1 0.1375 0.284688995215311 0.035 0.07177033492822966
1 0.22875 0.2942583732057416 0.0375 0.07177033492822966
1 0.27625 0.20095693779904306 0.0325 0.07655502392344497
1 0.3325 0.2416267942583732 0.035 0.08133971291866028
1 0.43875000000000003 0.27033492822966504 0.0375 0.08133971291866028
1 0.5650000000000001 0.2583732057416268 0.035 0.07655502392344497
1 0.65125 0.3062200956937799 0.0325 0.06698564593301436
1 0.7425 0.29904306220095694 0.035 0.07177033492822966
1 0.83625 0.3492822966507177 0.0425 0.06698564593301436
1 0.9525 0.31339712918660284 0.045 0.08133971291866028