1 0.0725 0.06741573033707865 0.025 0.0449438202247191
1 0.1475 0.052434456928838954 0.025 0.03745318352059925
1 0.31 0.08426966292134831 0.025 0.056179775280898875
1 0.42875 0.0299625468164794 0.0275 0.0449438202247191
1 0.06625 0.20224719101123595 0.0325 0.052434456928838954
1 0.14625 0.16853932584269662 0.0325 0.0449438202247191
1 0.28 0.16104868913857678 0.03 0.052434456928838954
1 0.3025 0.22846441947565543 0.03 0.0449438202247191
1 0.24125 0.3071161048689139 0.0325 0.0449438202247191
1 0.07875 0.29213483146067415 0.0375 0.052434456928838954
1 0.035 0.36142322097378277 0.035 0.056179775280898875
1 0.105 0.41198501872659177 0.035 0.0449438202247191
1 0.10250000000000001 0.48314606741573035 0.03 0.0599250936329588
1 0.16375 0.5149812734082397 0.0325 0.056179775280898875
1 0.17250000000000001 0.5973782771535581 0.045 0.06367041198501873
1 0.125 0.7977528089887641 0.045 0.0599250936329588
1 0.15 0.9232209737827716 0.045 0.07116104868913858
1 0.2525 0.8707865168539326 0.045 0.056179775280898875
1 0.3275 0.50187265917603 0.04 0.052434456928838954
1 0.34750000000000003 0.35767790262172283 0.03 0.04868913857677903
1 0.3775 0.8183520599250936 0.045 0.07116104868913858
1 0.44125000000000003 0.5617977528089888 0.0375 0.06741573033707865
1 0.50125 0.09925093632958802 0.0275 0.033707865168539325
1 0.525 0.15730337078651685 0.03 0.0449438202247191
1 0.58875 0.11235955056179775 0.0275 0.0449438202247191
1 0.5625 0.20224719101123595 0.03 0.0449438202247191
1 0.6587500000000001 0.19101123595505617 0.0325 0.0449438202247191
1 0.6325000000000001 0.250936329588015 0.035 0.0599250936329588
1 0.5975 0.40262172284644193 0.035 0.056179775280898875
1 0.55 0.49250936329588013 0.035 0.06367041198501873
1 0.71625 0.7921348314606742 0.0425 0.07116104868913858
1 0.77 0.3764044943820225 0.035 0.06367041198501873
1 0.7987500000000001 0.5468164794007491 0.0375 0.0599250936329588
1 0.7875 0.0449438202247191 0.03 0.03745318352059925
1 0.81375 0.026217228464419477 0.0225 0.0449438202247191
0 0.925 0.06179775280898876 0.025 0.04868913857677903
1 0.83875 0.11610486891385768 0.0325 0.03745318352059925
1 0.95625 0.350187265917603 0.0375 0.04119850187265918
1 0.8975 0.49250936329588013 0.035 0.056179775280898875
1 0.92125 0.6853932584269663 0.0325 0.0599250936329588
1 0.9525 0.7378277153558053 0.05 0.052434456928838954