1 0.045 0.5897009966777409 0.085 0.12292358803986711
1 0.085 0.42524916943521596 0.04 0.059800664451827246
1 0.12125 0.3903654485049834 0.0275 0.04318936877076412
1 0.17 0.34717607973421927 0.025 0.029900332225913623
1 0.02125 0.3588039867109635 0.0225 0.026578073089700997
1 0.19625 0.4269102990033223 0.0375 0.04318936877076412
1 0.23375 0.3588039867109635 0.0275 0.03986710963455149
1 0.28500000000000003 0.5265780730897011 0.115 0.16279069767441862
1 0.29 0.35215946843853824 0.025 0.026578073089700997
1 0.37625000000000003 0.3654485049833887 0.0175 0.019933554817275746
1 0.39875 0.38870431893687707 0.0275 0.03322259136212625
1 0.44125000000000003 0.45182724252491696 0.0425 0.059800664451827246
1 0.54125 0.4418604651162791 0.0625 0.08637873754152824
1 0.50625 0.39867109634551495 0.0225 0.046511627906976744
1 0.44375000000000003 0.3803986710963455 0.0175 0.023255813953488372
1 0.58375 0.3504983388704319 0.0275 0.029900332225913623
1 0.7000000000000001 0.3920265780730897 0.025 0.026578073089700997
1 0.69875 0.3438538205980067 0.0175 0.023255813953488372
1 0.745 0.43853820598006643 0.025 0.03322259136212625
1 0.7262500000000001 0.3604651162790698 0.0175 0.016611295681063124
1 0.775 0.39700996677740863 0.02 0.029900332225913623
1 0.82375 0.4435215946843854 0.0475 0.06312292358803986
1 0.89 0.39867109634551495 0.025 0.03322259136212625
1 0.9862500000000001 0.4584717607973422 0.0225 0.0664451827242525
1 0.96 0.3853820598006645 0.03 0.03322259136212625
0 0.5425 0.3488372093023256 0.015 0.019933554817275746