1 0.34625 0.7765486725663717 0.1125 0.2079646017699115
1 0.52875 0.13053097345132744 0.0425 0.09292035398230089
0 0.73375 0.12168141592920353 0.0625 0.10176991150442477
1 0.63125 0.37610619469026546 0.0525 0.10619469026548672
0 0.28125 0.061946902654867256 0.0175 0.035398230088495575
0 0.33375 0.0752212389380531 0.0175 0.035398230088495575
0 0.4225 0.046460176991150445 0.02 0.030973451327433628
1 0.81625 0.1836283185840708 0.0275 0.03982300884955752
1 0.68125 0.061946902654867256 0.0225 0.04424778761061947
0 0.58875 0.04424778761061947 0.0175 0.04424778761061947
0 0.61625 0.01327433628318584 0.0125 0.02654867256637168
1 0.37125 0.11283185840707964 0.0225 0.048672566371681415
1 0.36875 0.17920353982300885 0.0375 0.10176991150442477