1 0.8425 0.44382022471910115 0.11 0.10861423220973783
1 0.67875 0.34269662921348315 0.0725 0.1310861423220974
1 0.61375 0.33146067415730335 0.0725 0.11610486891385768
1 0.5425 0.2902621722846442 0.07 0.10861423220973783
1 0.43625 0.2958801498127341 0.0625 0.10486891385767791
1 0.395 0.27902621722846443 0.035 0.10112359550561797
1 0.36 0.2902621722846442 0.035 0.08614232209737828
1 0.305 0.20224719101123595 0.055 0.0898876404494382
1 0.26 0.24719101123595505 0.055 0.08239700374531836
1 0.11875000000000001 0.2640449438202247 0.0325 0.056179775280898875
1 0.02375 0.23220973782771537 0.0375 0.06741573033707865