1 0.79 0.7247191011235955 0.1 0.15355805243445694
0 0.83375 0.5224719101123596 0.0775 0.11610486891385768
0 0.44625000000000004 0.5561797752808989 0.0775 0.11610486891385768
1 0.52125 0.6947565543071161 0.10250000000000001 0.14606741573033707
1 0.9575 0.5449438202247191 0.06 0.08614232209737828
1 0.18625 0.6273408239700374 0.0825 0.15355805243445694
1 0.075 0.5056179775280899 0.055 0.0898876404494382
1 0.265 0.5823970037453183 0.045 0.10112359550561797
1 0.35125 0.5299625468164794 0.0525 0.07865168539325842
1 0.39125 0.48876404494382025 0.0575 0.10861423220973783
1 0.5175 0.4850187265917603 0.06 0.09363295880149813
1 0.5675 0.4850187265917603 0.04 0.07116104868913858
1 0.6125 0.3913857677902622 0.03 0.056179775280898875
1 0.7262500000000001 0.35580524344569286 0.0425 0.052434456928838954
0 0.2975 0.4906367041198502 0.04 0.0749063670411985
1 0.12 0.4101123595505618 0.035 0.056179775280898875
1 0.3725 0.3857677902621723 0.045 0.06741573033707865
0 0.47125 0.33707865168539325 0.0325 0.052434456928838954
1 0.515 0.3146067415730337 0.015 0.03745318352059925
1 0.64125 0.3089887640449438 0.0175 0.033707865168539325
1 0.42375 0.3333333333333333 0.0225 0.03745318352059925
1 0.2525 0.2958801498127341 0.02 0.0299625468164794
1 0.685 0.36891385767790263 0.035 0.04868913857677903
1 0.5775 0.4250936329588015 0.03 0.056179775280898875
1 0.9137500000000001 0.31273408239700373 0.0225 0.04119850187265918
1 0.95875 0.30337078651685395 0.0225 0.0449438202247191
1 0.78125 0.3464419475655431 0.0175 0.033707865168539325
1 0.9375 0.299625468164794 0.02 0.03745318352059925