1 7 117 9 10
1 31 182 8 8
1 30 112 10 10
1 56 114 10 12
0 48 142 10 11
0 67 161 8 10
1 54 85 10 10
1 74 87 5 10
0 59 61 9 9
1 37 35 7 9
1 110 155 12 13
1 136 202 13 13
1 122 141 10 12
0 120 109 8 9
1 111 94 8 10
1 150 111 8 10
1 158 158 12 12
1 172 184 11 14
1 160 181 12 14
1 193 207 7 10
1 197 148 11 13
1 190 137 13 8
1 181 103 11 10
1 144 85 11 10
1 93 59 9 7
0 89 50 8 9
0 112 62 10 10
0 126 56 8 8
1 153 62 9 9
1 145 47 10 9
1 111 19 7 8
1 126 12 6 8
1 136 38 7 8
1 167 36 8 7
1 102 47 7 8
1 176 85 10 9
1 190 72 9 11
1 203 83 9 10
1 208 109 8 9
1 253 198 13 13
1 271 218 14 13
1 250 129 10 9
1 253 92 10 8
1 225 87 9 10
1 233 79 8 8
1 235 64 7 8
1 213 47 8 8
1 133 4 6 7
0 168 11 5 7
1 181 8 8 8
1 208 18 7 8
1 226 7 6 7
1 261 32 7 8
0 270 26 7 6
1 266 64 8 7
1 281 89 8 9
1 293 139 12 12
1 291 101 9 10
1 301 112 10 10
1 306 95 9 10
1 304 133 9 10
1 284 17 6 7
1 268 4 7 7
1 294 4 5 7
1 308 8 5 7
0 309 18 6 7
0 298 36 6 7
1 325 47 8 9
1 346 26 7 7
0 351 4 6 6
1 364 25 7 7
1 359 42 8 8
1 356 59 9 9
1 343 66 7 9
1 365 70 8 9
1 381 57 5 6
1 370 86 10 10
1 383 103 10 9
1 388 70 8 10
1 344 18 6 6
1 396 153 8 12
1 395 132 9 11
1 376 116 9 8